102	0	31	1
ROADMAP 1
ROADMAP 2
ROADMAP 3
ROADMAP 4
2	42	0	28
ROADMAP 5
3	21	6	55
ROADMAP 6
ROADMAP 7
5	0	5	21
3	0	6	60
ROADMAP 8
ROADMAP 9
5	27	0	21
3	27	6	28
ROADMAP 10
1	60	0	10
ROADMAP 11
6	0	11	70
ROADMAP 12
10	20	0	50
ROADMAP 13
12	39	0	20
10	39	0	11
ROADMAP 14
ROADMAP 15
1	0	16	70
ROADMAP 16
12	0	9	20
10	0	0	10
10	31	41	59
ROADMAP 17
14	0	22	70
ROADMAP 18
14	0	54	70
17	0	0	22
ROADMAP 19
9	9	0	27
5	9	0	21
3	9	6	19
ROADMAP 20
4	26	0	42
2	26	0	2
ROADMAP 21
12	0	8	20
10	0	0	58
ROADMAP 22
13	22	0	39
12	22	0	9
ROADMAP 23
8	0	28	70
ROADMAP 24
6	0	27	70
11	0	0	11
ROADMAP 25
2	0	61	70
ROADMAP 26
20	13	0	26
4	13	0	31
ROADMAP 27
22	7	0	22
13	7	0	39
12	7	0	2
ROADMAP 28
14	0	58	70
17	0	0	22
18	0	0	32
ROADMAP 29
6	0	23	70
11	0	0	11
24	0	0	12
ROADMAP 30
22	0	15	22
13	0	0	39
12	0	0	20
10	0	0	4
ROADMAP 31
22	0	14	22
13	0	0	39
12	0	0	20
10	0	0	3
ROADMAP 32
3	12	0	58
ROADMAP 33
20	0	9	26
4	0	0	42
2	0	0	11
ROADMAP 34
10	0	4	60
1	0	0	14
ROADMAP 35
25	0	13	61
6	17	0	5
ROADMAP 36
35	0	12	17
6	0	0	65
ROADMAP 37
26	0	8	13
20	0	0	26
4	0	0	39
ROADMAP 38
14	0	49	70
17	0	0	22
18	0	0	27
ROADMAP 39
14	0	11	70
17	0	0	11
ROADMAP 40
4	9	21	42
2	9	0	40
ROADMAP 41
22	0	17	22
13	0	0	39
12	0	0	20
10	0	0	6
ROADMAP 42
8	42	0	28
ROADMAP 43
23	0	2	13
27	38	0	7
22	38	0	14
ROADMAP 44
42	28	38	42
8	28	0	38
ROADMAP 45
14	0	44	70
17	0	0	22
18	0	0	22
ROADMAP 46
26	11	0	13
20	11	0	26
4	11	0	20
ROADMAP 47
19	41	0	9
9	41	0	17
ROADMAP 48
43	0	5	38
27	0	0	7
22	0	0	22
13	0	0	8
ROADMAP 49
2	0	13	70
25	0	0	13
ROADMAP 50
8	0	7	70
23	0	0	7
ROADMAP 51
2	0	39	70
25	0	0	39
ROADMAP 52
18	0	5	32
28	0	0	4
42	36	0	3
ROADMAP 53
4	0	41	42
2	0	0	67
ROADMAP 54
10	0	52	60
1	0	0	62
ROADMAP 55
11	0	5	11
24	0	0	16
47	19	40	41
19	19	0	9
9	19	0	19
ROADMAP 56
2	0	6	70
25	0	0	6
ROADMAP 57
55	0	10	19
47	0	40	41
19	0	0	9
9	0	0	27
5	0	0	21
3	0	6	9
ROADMAP 58
2	0	64	70
25	0	0	61
35	0	0	3
ROADMAP 59
52	0	33	36
42	0	0	42
8	0	0	25
ROADMAP 60
20	0	22	26
4	0	0	42
2	0	0	24
ROADMAP 61
13	0	3	39
12	0	0	20
10	0	0	14
ROADMAP 62
6	0	66	70
11	0	0	11
24	0	0	16
55	0	0	19
47	0	40	41
19	0	0	9
9	0	0	10
ROADMAP 63
52	0	22	36
42	0	0	42
8	0	0	14
ROADMAP 64
22	0	8	22
13	0	0	39
12	0	0	6
ROADMAP 65
46	5	0	11
26	5	0	13
20	5	0	26
4	5	0	15
ROADMAP 66
55	0	13	19
47	0	40	41
19	0	0	9
9	0	0	27
5	0	0	21
3	0	6	12
ROADMAP 67
6	0	23	70
11	0	0	11
24	0	0	12
ROADMAP 68
14	0	35	66
18	31	5	7
ROADMAP 69
25	0	35	61
35	0	0	17
6	0	0	27
ROADMAP 70
18	0	30	32
28	0	0	4
52	0	0	36
42	0	0	28
ROADMAP 71
12	9	7	20
10	9	0	3
10	40	34	48
ROADMAP 72
25	0	15	61
35	0	0	17
6	0	0	7
ROADMAP 73
26	0	4	13
20	0	0	26
4	0	0	35
ROADMAP 74
23	0	3	13
43	0	0	38
27	0	0	7
22	0	0	15
ROADMAP 75
1	12	68	70
15	12	0	16
65	17	0	5
46	17	0	11
26	17	0	13
20	17	0	6
ROADMAP 76
4	0	18	42
2	0	0	46
ROADMAP 77
12	0	3	20
10	0	0	53
ROADMAP 78
43	0	19	38
27	0	0	7
22	0	0	22
13	0	0	22
ROADMAP 79
14	0	34	70
17	0	0	22
18	0	0	12
ROADMAP 80
11	0	7	11
24	0	0	16
55	0	0	19
47	0	40	41
19	0	0	9
9	0	0	21
ROADMAP 81
2	0	34	70
25	0	0	34
ROADMAP 82
10	0	24	60
1	0	0	34
ROADMAP 83
46	0	4	11
26	0	0	13
20	0	0	26
4	0	0	24
ROADMAP 84
1	0	34	70
15	0	0	16
75	0	12	17
65	0	0	5
46	0	0	8
ROADMAP 85
12	8	11	20
10	8	0	53
ROADMAP 86
8	0	59	70
23	0	0	13
43	0	0	38
27	0	0	7
22	0	0	1
ROADMAP 87
14	0	62	70
17	0	0	22
18	0	0	32
28	0	0	4
52	0	0	4
ROADMAP 88
5	27	9	21
3	27	6	37
ROADMAP 89
22	0	16	22
13	0	0	39
12	0	0	20
10	0	0	5
ROADMAP 90
8	0	5	70
23	0	0	5
ROADMAP 91
22	0	7	22
13	0	0	39
12	0	0	16
ROADMAP 92
10	0	27	60
1	0	0	37
ROADMAP 93
17	0	9	22
18	0	0	32
28	0	0	4
52	0	0	21
ROADMAP 94
14	0	60	70
17	0	0	22
18	0	0	32
28	0	0	4
52	0	0	2
ROADMAP 95
25	0	16	61
35	0	0	17
6	0	0	8
ROADMAP 96
23	0	7	13
43	0	0	38
27	0	0	7
22	0	0	19
ROADMAP 97
14	0	19	70
17	0	0	19
ROADMAP 98
18	16	20	32
28	16	0	4
52	16	0	36
42	16	0	2
ROADMAP 99
1	0	60	70
15	0	0	16
75	0	12	17
65	0	0	5
46	0	0	11
26	0	0	13
20	0	0	10
ROADMAP 100
4	0	14	42
2	0	0	42
ROADMAP 101
20	0	6	26
4	0	0	42
2	0	0	8
ROADMAP 102
5	0	0	21
3	0	6	55
