102	0	21	1
ROADMAP 1
ROADMAP 2
ROADMAP 3
ROADMAP 4
2	42	0	38
ROADMAP 5
3	21	6	65
ROADMAP 6
ROADMAP 7
5	0	5	21
3	0	6	70
ROADMAP 8
ROADMAP 9
5	27	0	21
3	27	6	38
ROADMAP 10
1	60	0	20
ROADMAP 11
6	0	11	80
ROADMAP 12
10	20	0	60
ROADMAP 13
12	39	0	20
10	39	0	21
ROADMAP 14
ROADMAP 15
1	0	16	80
ROADMAP 16
12	0	9	20
10	0	0	20
10	21	41	60
1	21	0	9
ROADMAP 17
14	0	22	80
ROADMAP 18
14	0	54	80
17	0	0	22
ROADMAP 19
9	9	0	27
5	9	0	21
3	9	6	29
ROADMAP 20
4	26	0	42
2	26	0	12
ROADMAP 21
12	0	8	20
10	0	0	60
1	0	0	8
ROADMAP 22
13	22	0	39
12	22	0	19
ROADMAP 23
8	0	28	80
ROADMAP 24
6	0	27	80
11	0	0	11
ROADMAP 25
2	0	61	80
ROADMAP 26
20	13	0	26
4	13	0	41
ROADMAP 27
22	7	0	22
13	7	0	39
12	7	0	12
ROADMAP 28
14	0	58	80
17	0	0	22
18	0	0	32
ROADMAP 29
6	0	23	80
11	0	0	11
24	0	0	12
ROADMAP 30
22	0	15	22
13	0	0	39
12	0	0	20
10	0	0	14
ROADMAP 31
22	0	14	22
13	0	0	39
12	0	0	20
10	0	0	13
ROADMAP 32
3	12	0	68
ROADMAP 33
20	0	9	26
4	0	0	42
2	0	0	21
ROADMAP 34
10	0	4	60
1	0	0	24
ROADMAP 35
25	0	3	61
6	7	0	15
ROADMAP 36
35	0	2	7
6	0	0	75
ROADMAP 37
26	0	8	13
20	0	0	26
4	0	0	42
2	0	0	7
ROADMAP 38
14	0	49	80
17	0	0	22
18	0	0	27
ROADMAP 39
14	0	11	80
17	0	0	11
ROADMAP 40
4	9	21	42
2	9	0	50
ROADMAP 41
22	0	17	22
13	0	0	39
12	0	0	20
10	0	0	16
ROADMAP 42
8	42	0	38
ROADMAP 43
8	0	72	80
23	0	0	13
27	28	0	7
22	28	0	22
13	28	0	2
ROADMAP 44
42	0	10	17
42	21	38	42
8	21	0	48
ROADMAP 45
14	0	44	80
17	0	0	22
18	0	0	22
ROADMAP 46
26	11	0	13
20	11	0	26
4	11	0	30
ROADMAP 47
24	15	0	4
19	37	0	9
9	37	0	27
ROADMAP 48
23	0	8	13
43	0	0	28
27	0	0	7
22	0	0	22
13	0	0	18
ROADMAP 49
2	0	13	80
25	0	0	13
ROADMAP 50
8	0	7	80
23	0	0	7
ROADMAP 51
2	0	39	80
25	0	0	39
ROADMAP 52
17	0	17	22
18	0	0	32
28	0	0	4
42	26	0	13
ROADMAP 53
4	0	41	42
2	0	0	77
ROADMAP 54
10	0	52	60
1	0	0	72
ROADMAP 55
6	0	75	80
11	0	0	11
24	0	0	16
47	9	36	37
19	9	0	9
9	9	0	27
5	9	0	2
ROADMAP 56
2	0	6	80
25	0	0	6
ROADMAP 57
55	0	0	9
47	0	36	37
19	0	0	9
9	0	0	27
5	0	0	21
3	0	6	19
ROADMAP 58
2	0	64	80
25	0	0	61
35	0	0	3
ROADMAP 59
52	0	23	26
42	0	0	42
8	0	0	35
ROADMAP 60
20	0	22	26
4	0	0	42
2	0	0	34
ROADMAP 61
13	0	3	39
12	0	0	20
10	0	0	24
ROADMAP 62
6	0	66	80
11	0	0	11
24	0	0	16
55	0	0	9
47	0	36	37
19	0	0	9
9	0	0	20
ROADMAP 63
52	0	12	26
42	0	0	42
8	0	0	24
ROADMAP 64
22	0	8	22
13	0	0	39
12	0	0	16
ROADMAP 65
15	0	11	16
46	0	0	11
26	0	0	13
20	0	0	26
4	0	0	25
ROADMAP 66
55	0	3	9
47	0	36	37
19	0	0	9
9	0	0	27
5	0	0	21
3	0	6	22
ROADMAP 67
6	0	23	80
11	0	0	11
24	0	0	12
ROADMAP 68
14	0	35	76
17	21	17	22
18	21	0	7
ROADMAP 69
25	0	25	61
35	0	0	7
6	0	0	37
ROADMAP 70
18	0	20	32
28	0	0	4
52	0	0	26
42	0	0	38
ROADMAP 71
12	9	7	20
10	9	0	13
10	30	34	58
ROADMAP 72
25	0	5	61
35	0	0	7
6	0	0	17
ROADMAP 73
26	0	4	13
20	0	0	26
4	0	0	42
2	0	0	3
ROADMAP 74
8	0	73	80
23	0	0	13
43	0	0	28
27	0	0	7
22	0	0	22
13	0	0	3
ROADMAP 75
1	12	68	80
15	12	0	16
46	12	0	11
26	12	0	13
20	12	0	16
ROADMAP 76
4	0	18	42
2	0	0	56
ROADMAP 77
12	0	3	20
10	0	0	60
1	0	0	3
ROADMAP 78
43	0	9	28
27	0	0	7
22	0	0	22
13	0	0	32
ROADMAP 79
14	0	34	80
17	0	0	22
18	0	0	12
ROADMAP 80
6	0	77	80
11	0	0	11
24	0	0	16
55	0	0	9
47	0	36	37
19	0	0	9
9	0	0	27
5	0	0	4
ROADMAP 81
2	0	34	80
25	0	0	34
ROADMAP 82
10	0	24	60
1	0	0	44
ROADMAP 83
46	0	4	11
26	0	0	13
20	0	0	26
4	0	0	34
ROADMAP 84
1	0	34	80
15	0	0	16
46	0	0	11
26	0	0	7
ROADMAP 85
12	8	11	20
10	8	0	60
1	8	0	3
ROADMAP 86
8	0	59	80
23	0	0	13
43	0	0	28
27	0	0	7
22	0	0	11
ROADMAP 87
14	0	62	80
17	0	0	22
18	0	0	32
28	0	0	4
52	0	0	4
ROADMAP 88
9	0	9	15
5	21	9	21
3	21	6	47
ROADMAP 89
22	0	16	22
13	0	0	39
12	0	0	20
10	0	0	15
ROADMAP 90
8	0	5	80
23	0	0	5
ROADMAP 91
22	0	7	22
13	0	0	39
12	0	0	20
10	0	0	6
ROADMAP 92
10	0	27	60
1	0	0	47
ROADMAP 93
14	0	79	80
17	0	0	22
18	0	0	32
28	0	0	4
52	0	0	21
ROADMAP 94
14	0	60	80
17	0	0	22
18	0	0	32
28	0	0	4
52	0	0	2
ROADMAP 95
25	0	6	61
35	0	0	7
6	0	0	18
ROADMAP 96
8	0	77	80
23	0	0	13
43	0	0	28
27	0	0	7
22	0	0	22
13	0	0	7
ROADMAP 97
14	0	19	80
17	0	0	19
ROADMAP 98
18	16	10	32
28	16	0	4
52	16	0	26
42	16	0	12
ROADMAP 99
1	0	60	80
15	0	0	16
46	0	0	11
26	0	0	13
20	0	0	20
ROADMAP 100
4	0	14	42
2	0	0	52
ROADMAP 101
20	0	6	26
4	0	0	42
2	0	0	18
ROADMAP 102
5	0	0	21
3	0	6	65
