ID	lgth	out	in	long_cov	short1_cov	short1_Ocov	short2_cov	short2_Ocov	long_nb	short1_nb	short2_nb
1	85	1	2	0.000000	13.635294	12.117647	0.000000	0.000000	0	0	0
2	143	2	2	0.000000	11.979021	11.671329	0.000000	0.000000	0	0	0
3	21	1	1	0.000000	13.000000	12.904762	0.000000	0.000000	0	0	0
4	3	2	2	0.000000	12.000000	12.000000	0.000000	0.000000	0	0	0
5	51	1	0	0.000000	1.000000	1.000000	0.000000	0.000000	0	0	0
6	112	1	2	0.000000	15.392857	15.151786	0.000000	0.000000	0	0	0
7	148	1	2	0.000000	17.594595	17.175676	0.000000	0.000000	0	0	0
8	1	2	2	0.000000	21.000000	21.000000	0.000000	0.000000	0	0	0
9	4	1	1	0.000000	12.000000	10.000000	0.000000	0.000000	0	0	0
10	33	1	1	0.000000	20.575758	20.575758	0.000000	0.000000	0	0	0
11	1	2	2	0.000000	50.000000	50.000000	0.000000	0.000000	0	0	0
12	1	1	1	0.000000	49.000000	48.000000	0.000000	0.000000	0	0	0
13	4	1	2	0.000000	54.000000	53.000000	0.000000	0.000000	0	0	0
14	1	1	2	0.000000	67.000000	66.000000	0.000000	0.000000	0	0	0
15	1	2	2	0.000000	84.000000	44.000000	0.000000	0.000000	0	0	0
16	34	1	1	0.000000	14.941176	14.323529	0.000000	0.000000	0	0	0
17	13	2	2	0.000000	18.846154	9.923077	0.000000	0.000000	0	0	0
18	4	1	1	0.000000	17.750000	12.000000	0.000000	0.000000	0	0	0
19	5	1	1	0.000000	14.000000	9.000000	0.000000	0.000000	0	0	0
20	1	2	2	0.000000	32.000000	12.000000	0.000000	0.000000	0	0	0
21	1	1	2	0.000000	27.000000	10.000000	0.000000	0.000000	0	0	0
22	1	1	2	0.000000	36.000000	19.000000	0.000000	0.000000	0	0	0
23	1	2	1	0.000000	62.000000	19.000000	0.000000	0.000000	0	0	0
24	6	1	1	0.000000	54.666667	11.666667	0.000000	0.000000	0	0	0
25	1	2	1	0.000000	31.000000	31.000000	0.000000	0.000000	0	0	0
26	16	2	1	0.000000	18.625000	15.375000	0.000000	0.000000	0	0	0
27	3	1	1	0.000000	22.666667	20.000000	0.000000	0.000000	0	0	0
28	1	1	2	0.000000	27.000000	25.000000	0.000000	0.000000	0	0	0
29	7	2	1	0.000000	28.428571	20.571429	0.000000	0.000000	0	0	0
30	4	1	2	0.000000	22.000000	19.000000	0.000000	0.000000	0	0	0
31	4	2	1	0.000000	45.500000	11.000000	0.000000	0.000000	0	0	0
32	3	1	1	0.000000	40.333333	20.333333	0.000000	0.000000	0	0	0
33	13	2	1	0.000000	48.000000	20.923077	0.000000	0.000000	0	0	0
34	70	1	1	0.000000	18.714286	18.100000	0.000000	0.000000	0	0	0
35	48	1	1	0.000000	9.270833	9.270833	0.000000	0.000000	0	0	0
36	1	1	2	0.000000	17.000000	17.000000	0.000000	0.000000	0	0	0
37	1	1	2	0.000000	54.000000	26.000000	0.000000	0.000000	0	0	0
38	1	2	2	0.000000	73.000000	34.000000	0.000000	0.000000	0	0	0
39	1	2	1	0.000000	70.000000	22.000000	0.000000	0.000000	0	0	0
40	2	3	1	0.000000	62.000000	14.000000	0.000000	0.000000	0	0	0
41	133	1	2	0.000000	11.458647	11.120301	0.000000	0.000000	0	0	0
42	2	1	2	0.000000	6.000000	5.000000	0.000000	0.000000	0	0	0
43	1	2	4	0.000000	130.000000	12.000000	0.000000	0.000000	0	0	0
44	1	3	1	0.000000	109.000000	75.000000	0.000000	0.000000	0	0	0
45	14	1	1	0.000000	6.142857	6.142857	0.000000	0.000000	0	0	0
46	3	2	2	0.000000	14.666667	14.666667	0.000000	0.000000	0	0	0
47	2	3	1	0.000000	129.500000	20.000000	0.000000	0.000000	0	0	0
48	3	2	2	0.000000	25.666667	25.666667	0.000000	0.000000	0	0	0
49	10	1	1	0.000000	18.700000	15.100000	0.000000	0.000000	0	0	0
50	2	1	2	0.000000	37.000000	18.000000	0.000000	0.000000	0	0	0
51	2	2	1	0.000000	123.000000	13.000000	0.000000	0.000000	0	0	0
52	30	2	1	0.000000	3.133333	3.133333	0.000000	0.000000	0	0	0
53	16	1	1	0.000000	3.000000	3.000000	0.000000	0.000000	0	0	0
54	1	2	2	0.000000	55.000000	44.000000	0.000000	0.000000	0	0	0
55	1	2	1	0.000000	39.000000	28.000000	0.000000	0.000000	0	0	0
56	3	1	2	0.000000	11.333333	11.000000	0.000000	0.000000	0	0	0
57	2	2	3	0.000000	56.500000	20.000000	0.000000	0.000000	0	0	0
58	9	1	1	0.000000	13.000000	13.000000	0.000000	0.000000	0	0	0
59	1	2	2	0.000000	67.000000	67.000000	0.000000	0.000000	0	0	0
60	1	1	2	0.000000	60.000000	60.000000	0.000000	0.000000	0	0	0
61	4	1	2	0.000000	62.250000	61.250000	0.000000	0.000000	0	0	0
62	4	4	2	0.000000	56.000000	53.500000	0.000000	0.000000	0	0	0
63	2	2	1	0.000000	29.000000	27.000000	0.000000	0.000000	0	0	0
64	2	2	2	0.000000	30.500000	28.500000	0.000000	0.000000	0	0	0
65	103	1	1	0.000000	22.679612	21.951456	0.000000	0.000000	0	0	0
66	1	3	3	0.000000	223.000000	223.000000	0.000000	0.000000	0	0	0
67	1	3	2	0.000000	57.000000	39.000000	0.000000	0.000000	0	0	0
68	1	2	2	0.000000	28.000000	28.000000	0.000000	0.000000	0	0	0
69	1	4	2	0.000000	38.000000	30.000000	0.000000	0.000000	0	0	0
70	1	4	4	0.000000	37.000000	14.000000	0.000000	0.000000	0	0	0
71	1	1	2	0.000000	14.000000	14.000000	0.000000	0.000000	0	0	0
72	1	1	2	0.000000	15.000000	15.000000	0.000000	0.000000	0	0	0
73	7	1	2	0.000000	13.285714	13.285714	0.000000	0.000000	0	0	0
74	48	1	2	0.000000	6.645833	6.208333	0.000000	0.000000	0	0	0
75	2	2	2	0.000000	55.500000	18.000000	0.000000	0.000000	0	0	0
76	3	1	1	0.000000	35.666667	16.000000	0.000000	0.000000	0	0	0
77	1	1	2	0.000000	39.000000	20.000000	0.000000	0.000000	0	0	0
78	1	2	1	0.000000	14.000000	10.000000	0.000000	0.000000	0	0	0
79	28	2	1	0.000000	11.357143	5.928571	0.000000	0.000000	0	0	0
80	431	1	2	0.000000	7.018561	6.747100	0.000000	0.000000	0	0	0
81	1	1	2	0.000000	8.000000	8.000000	0.000000	0.000000	0	0	0
82	7	1	2	0.000000	11.285714	11.285714	0.000000	0.000000	0	0	0
83	345	2	2	0.000000	7.052174	6.991304	0.000000	0.000000	0	0	0
84	9	2	2	0.000000	21.777778	21.777778	0.000000	0.000000	0	0	0
85	16	1	1	0.000000	11.500000	11.125000	0.000000	0.000000	0	0	0
86	11	1	2	0.000000	11.818182	10.818182	0.000000	0.000000	0	0	0
87	1	2	2	0.000000	29.000000	26.000000	0.000000	0.000000	0	0	0
88	2	1	1	0.000000	28.500000	26.000000	0.000000	0.000000	0	0	0
89	3	1	2	0.000000	28.333333	26.000000	0.000000	0.000000	0	0	0
90	7	1	2	0.000000	30.000000	21.428571	0.000000	0.000000	0	0	0
91	3	1	2	0.000000	32.666667	19.333333	0.000000	0.000000	0	0	0
92	2	1	1	0.000000	48.000000	8.000000	0.000000	0.000000	0	0	0
93	8	1	2	0.000000	12.125000	12.125000	0.000000	0.000000	0	0	0
94	15	1	2	0.000000	12.066667	12.066667	0.000000	0.000000	0	0	0
95	273	1	2	0.000000	18.677656	17.809524	0.000000	0.000000	0	0	0
96	31	2	2	0.000000	15.451613	15.451613	0.000000	0.000000	0	0	0
97	17	2	1	0.000000	20.882353	20.882353	0.000000	0.000000	0	0	0
98	21	1	1	0.000000	21.523810	21.523810	0.000000	0.000000	0	0	0
99	33	1	2	0.000000	16.242424	15.484848	0.000000	0.000000	0	0	0
100	63	1	0	0.000000	1.000000	1.000000	0.000000	0.000000	0	0	0
101	2	1	2	0.000000	5.000000	2.000000	0.000000	0.000000	0	0	0
102	3	1	2	0.000000	14.666667	8.000000	0.000000	0.000000	0	0	0
103	1	2	2	0.000000	20.000000	20.000000	0.000000	0.000000	0	0	0
104	1	1	1	0.000000	6.000000	6.000000	0.000000	0.000000	0	0	0
105	25	2	2	0.000000	12.600000	12.600000	0.000000	0.000000	0	0	0
106	199	2	2	0.000000	16.035176	14.452261	0.000000	0.000000	0	0	0
107	1	2	1	0.000000	43.000000	21.000000	0.000000	0.000000	0	0	0
108	68	2	1	0.000000	17.573529	12.455882	0.000000	0.000000	0	0	0
109	195	1	2	0.000000	18.435897	18.056410	0.000000	0.000000	0	0	0
110	202	1	2	0.000000	13.846535	13.326733	0.000000	0.000000	0	0	0
111	58	1	2	0.000000	2.862069	2.862069	0.000000	0.000000	0	0	0
112	291	2	2	0.000000	13.608247	11.914089	0.000000	0.000000	0	0	0
113	112	1	1	0.000000	10.616071	10.053571	0.000000	0.000000	0	0	0
114	48	1	2	0.000000	15.541667	15.333333	0.000000	0.000000	0	0	0
115	2	2	2	0.000000	31.000000	30.000000	0.000000	0.000000	0	0	0
116	169	2	1	0.000000	15.526627	15.053254	0.000000	0.000000	0	0	0
117	151	0	2	0.000000	5.622517	5.509934	0.000000	0.000000	0	0	0
118	832	1	2	0.000000	15.187500	14.649038	0.000000	0.000000	0	0	0
119	15	1	1	0.000000	14.466667	14.466667	0.000000	0.000000	0	0	0
120	2	1	1	0.000000	14.000000	14.000000	0.000000	0.000000	0	0	0
121	44	1	2	0.000000	11.590909	11.113636	0.000000	0.000000	0	0	0
122	372	1	2	0.000000	15.768817	15.040323	0.000000	0.000000	0	0	0
123	11	1	1	0.000000	15.000000	3.727273	0.000000	0.000000	0	0	0
124	2	1	2	0.000000	20.000000	12.000000	0.000000	0.000000	0	0	0
125	6	1	1	0.000000	12.833333	2.833333	0.000000	0.000000	0	0	0
126	2	2	2	0.000000	31.500000	31.500000	0.000000	0.000000	0	0	0
127	3	1	1	0.000000	21.666667	21.666667	0.000000	0.000000	0	0	0
128	1	2	2	0.000000	30.000000	30.000000	0.000000	0.000000	0	0	0
129	2	2	1	0.000000	29.000000	29.000000	0.000000	0.000000	0	0	0
130	4	1	1	0.000000	20.000000	20.000000	0.000000	0.000000	0	0	0
131	4	1	2	0.000000	19.500000	19.500000	0.000000	0.000000	0	0	0
132	11	1	2	0.000000	17.727273	17.727273	0.000000	0.000000	0	0	0
133	31	2	2	0.000000	11.451613	10.774194	0.000000	0.000000	0	0	0
134	3	1	1	0.000000	11.000000	11.000000	0.000000	0.000000	0	0	0
135	2	1	2	0.000000	31.500000	31.500000	0.000000	0.000000	0	0	0
136	2	2	2	0.000000	63.500000	38.500000	0.000000	0.000000	0	0	0
137	2	1	1	0.000000	51.500000	26.000000	0.000000	0.000000	0	0	0
138	1	1	2	0.000000	62.000000	16.000000	0.000000	0.000000	0	0	0
139	29	1	1	0.000000	9.931034	9.793103	0.000000	0.000000	0	0	0
140	12	1	1	0.000000	11.916667	8.250000	0.000000	0.000000	0	0	0
141	93	2	2	0.000000	19.548387	14.827957	0.000000	0.000000	0	0	0
142	6	1	1	0.000000	19.333333	19.000000	0.000000	0.000000	0	0	0
143	1	3	3	0.000000	34.000000	32.000000	0.000000	0.000000	0	0	0
144	1	1	1	0.000000	21.000000	21.000000	0.000000	0.000000	0	0	0
145	62	1	0	0.000000	1.000000	1.000000	0.000000	0.000000	0	0	0
146	1	3	3	0.000000	10.000000	10.000000	0.000000	0.000000	0	0	0
147	1	2	1	0.000000	4.000000	4.000000	0.000000	0.000000	0	0	0
148	1	1	2	0.000000	23.000000	23.000000	0.000000	0.000000	0	0	0
149	1	2	3	0.000000	46.000000	46.000000	0.000000	0.000000	0	0	0
150	4	2	1	0.000000	27.500000	19.500000	0.000000	0.000000	0	0	0
151	12	1	2	0.000000	18.666667	17.750000	0.000000	0.000000	0	0	0
152	123	2	0	0.000000	2.495935	2.495935	0.000000	0.000000	0	0	0
153	611	1	2	0.000000	20.430442	19.072013	0.000000	0.000000	0	0	0
154	21	1	1	0.000000	28.285714	28.285714	0.000000	0.000000	0	0	0
155	29	2	2	0.000000	22.310345	22.310345	0.000000	0.000000	0	0	0
156	21	1	1	0.000000	14.857143	14.000000	0.000000	0.000000	0	0	0
157	341	1	2	0.000000	17.038123	16.275660	0.000000	0.000000	0	0	0
158	26	1	2	0.000000	25.576923	24.153846	0.000000	0.000000	0	0	0
159	42	1	0	0.000000	1.000000	1.000000	0.000000	0.000000	0	0	0
160	243	1	2	0.000000	14.794239	14.106996	0.000000	0.000000	0	0	0
161	96	2	1	0.000000	10.218750	10.218750	0.000000	0.000000	0	0	0
162	300	1	2	0.000000	20.770000	20.006667	0.000000	0.000000	0	0	0
163	33	1	1	0.000000	17.636364	15.939394	0.000000	0.000000	0	0	0
164	53	2	2	0.000000	28.943396	28.415094	0.000000	0.000000	0	0	0
165	5	1	2	0.000000	23.200000	22.400000	0.000000	0.000000	0	0	0
166	4	2	2	0.000000	23.250000	23.250000	0.000000	0.000000	0	0	0
167	3	1	2	0.000000	25.666667	25.666667	0.000000	0.000000	0	0	0
168	2	1	2	0.000000	30.500000	30.500000	0.000000	0.000000	0	0	0
169	1	1	2	0.000000	35.000000	35.000000	0.000000	0.000000	0	0	0
170	1	2	4	0.000000	123.000000	123.000000	0.000000	0.000000	0	0	0
171	3	3	1	0.000000	115.000000	115.000000	0.000000	0.000000	0	0	0
172	3	1	1	0.000000	81.333333	81.333333	0.000000	0.000000	0	0	0
173	1	2	2	0.000000	118.000000	100.000000	0.000000	0.000000	0	0	0
174	1	3	4	0.000000	151.000000	112.000000	0.000000	0.000000	0	0	0
175	1	2	2	0.000000	85.000000	68.000000	0.000000	0.000000	0	0	0
176	1	2	1	0.000000	84.000000	67.000000	0.000000	0.000000	0	0	0
177	1	3	1	0.000000	83.000000	66.000000	0.000000	0.000000	0	0	0
178	1	1	1	0.000000	78.000000	61.000000	0.000000	0.000000	0	0	0
179	5	1	2	0.000000	88.600000	82.200000	0.000000	0.000000	0	0	0
180	2	1	1	0.000000	147.500000	106.500000	0.000000	0.000000	0	0	0
181	1	2	3	0.000000	159.000000	117.000000	0.000000	0.000000	0	0	0
182	2	1	1	0.000000	22.500000	22.500000	0.000000	0.000000	0	0	0
183	3	2	2	0.000000	101.666667	67.333333	0.000000	0.000000	0	0	0
184	1	1	1	0.000000	85.000000	62.000000	0.000000	0.000000	0	0	0
185	1	2	1	0.000000	134.000000	92.000000	0.000000	0.000000	0	0	0
186	1	1	1	0.000000	130.000000	89.000000	0.000000	0.000000	0	0	0
187	2	2	1	0.000000	22.000000	22.000000	0.000000	0.000000	0	0	0
188	195	2	2	0.000000	19.046154	17.979487	0.000000	0.000000	0	0	0
189	255	1	2	0.000000	16.984314	15.952941	0.000000	0.000000	0	0	0
190	88	2	2	0.000000	15.340909	14.625000	0.000000	0.000000	0	0	0
191	17	1	1	0.000000	15.588235	15.588235	0.000000	0.000000	0	0	0
192	111	2	2	0.000000	20.378378	19.540541	0.000000	0.000000	0	0	0
193	104	1	2	0.000000	22.894231	22.009615	0.000000	0.000000	0	0	0
194	25	2	2	0.000000	20.920000	20.160000	0.000000	0.000000	0	0	0
195	17	1	1	0.000000	21.000000	21.000000	0.000000	0.000000	0	0	0
196	4	2	2	0.000000	34.000000	24.500000	0.000000	0.000000	0	0	0
197	18	2	1	0.000000	18.722222	18.722222	0.000000	0.000000	0	0	0
198	41	1	2	0.000000	22.048780	20.243902	0.000000	0.000000	0	0	0
199	21	1	1	0.000000	22.619048	19.666667	0.000000	0.000000	0	0	0
200	523	1	2	0.000000	19.246654	18.305927	0.000000	0.000000	0	0	0
201	20	2	1	0.000000	8.550000	8.350000	0.000000	0.000000	0	0	0
202	4	1	1	0.000000	1.000000	1.000000	0.000000	0.000000	0	0	0
203	20	2	2	0.000000	10.050000	6.700000	0.000000	0.000000	0	0	0
204	9	1	2	0.000000	14.777778	8.000000	0.000000	0.000000	0	0	0
205	6	1	2	0.000000	36.666667	19.000000	0.000000	0.000000	0	0	0
206	1	3	2	0.000000	126.000000	69.000000	0.000000	0.000000	0	0	0
207	1	1	1	0.000000	110.000000	57.000000	0.000000	0.000000	0	0	0
208	60	1	1	0.000000	20.400000	19.683333	0.000000	0.000000	0	0	0
209	11	2	2	0.000000	21.363636	21.272727	0.000000	0.000000	0	0	0
210	4	1	1	0.000000	21.000000	21.000000	0.000000	0.000000	0	0	0
211	17	1	2	0.000000	24.294118	24.294118	0.000000	0.000000	0	0	0
212	530	1	2	0.000000	17.383019	16.935849	0.000000	0.000000	0	0	0
213	59	1	0	0.000000	2.389831	2.033898	0.000000	0.000000	0	0	0
214	51	1	0	0.000000	1.000000	1.000000	0.000000	0.000000	0	0	0
215	6	1	2	0.000000	2.000000	2.000000	0.000000	0.000000	0	0	0
216	2	1	2	0.000000	6.000000	6.000000	0.000000	0.000000	0	0	0
217	5	2	3	0.000000	67.800000	36.800000	0.000000	0.000000	0	0	0
218	1	1	1	0.000000	40.000000	40.000000	0.000000	0.000000	0	0	0
219	1	1	2	0.000000	44.000000	44.000000	0.000000	0.000000	0	0	0
220	1	2	2	0.000000	50.000000	50.000000	0.000000	0.000000	0	0	0
221	169	1	2	0.000000	17.189349	16.473373	0.000000	0.000000	0	0	0
222	78	1	1	0.000000	23.166667	22.628205	0.000000	0.000000	0	0	0
223	2	2	2	0.000000	38.500000	37.500000	0.000000	0.000000	0	0	0
224	21	1	2	0.000000	15.952381	15.523810	0.000000	0.000000	0	0	0
225	39	1	1	0.000000	3.641026	3.641026	0.000000	0.000000	0	0	0
226	59	2	1	0.000000	17.610169	17.152542	0.000000	0.000000	0	0	0
227	1	1	2	0.000000	18.000000	16.000000	0.000000	0.000000	0	0	0
228	1	2	2	0.000000	67.000000	25.000000	0.000000	0.000000	0	0	0
229	2	1	1	0.000000	57.500000	15.000000	0.000000	0.000000	0	0	0
230	2	2	2	0.000000	25.500000	11.000000	0.000000	0.000000	0	0	0
231	10	1	1	0.000000	19.500000	4.600000	0.000000	0.000000	0	0	0
232	30	1	1	0.000000	1.433333	1.433333	0.000000	0.000000	0	0	0
233	1275	1	2	0.000000	14.587451	13.959216	0.000000	0.000000	0	0	0
234	46	1	0	0.000000	1.000000	1.000000	0.000000	0.000000	0	0	0
235	2	1	1	0.000000	1.000000	1.000000	0.000000	0.000000	0	0	0
236	1	1	2	0.000000	2.000000	2.000000	0.000000	0.000000	0	0	0
237	1	1	2	0.000000	11.000000	11.000000	0.000000	0.000000	0	0	0
238	111	1	2	0.000000	20.351351	17.774775	0.000000	0.000000	0	0	0
239	67	1	2	0.000000	20.268657	17.880597	0.000000	0.000000	0	0	0
240	13	1	2	0.000000	19.615385	18.153846	0.000000	0.000000	0	0	0
241	301	1	1	0.000000	15.471761	14.877076	0.000000	0.000000	0	0	0
242	6	2	2	0.000000	13.500000	2.333333	0.000000	0.000000	0	0	0
243	12	1	1	0.000000	2.000000	2.000000	0.000000	0.000000	0	0	0
244	4	1	3	0.000000	21.500000	21.500000	0.000000	0.000000	0	0	0
245	4	2	2	0.000000	30.250000	30.250000	0.000000	0.000000	0	0	0
246	1	1	2	0.000000	34.000000	34.000000	0.000000	0.000000	0	0	0
247	4	2	3	0.000000	63.750000	63.750000	0.000000	0.000000	0	0	0
248	2	1	1	0.000000	53.000000	53.000000	0.000000	0.000000	0	0	0
249	4	1	2	0.000000	15.500000	15.500000	0.000000	0.000000	0	0	0
250	50	1	0	0.000000	1.060000	1.060000	0.000000	0.000000	0	0	0
251	2	1	2	0.000000	3.000000	3.000000	0.000000	0.000000	0	0	0
252	1	2	3	0.000000	13.000000	13.000000	0.000000	0.000000	0	0	0
253	21	1	1	0.000000	18.095238	18.095238	0.000000	0.000000	0	0	0
254	31	2	2	0.000000	12.548387	11.806452	0.000000	0.000000	0	0	0
255	4	1	1	0.000000	6.500000	6.500000	0.000000	0.000000	0	0	0
256	47	1	0	0.000000	1.106383	1.106383	0.000000	0.000000	0	0	0
257	11	1	2	0.000000	8.181818	8.000000	0.000000	0.000000	0	0	0
258	23	2	2	0.000000	14.391304	12.434783	0.000000	0.000000	0	0	0
259	12	3	2	0.000000	9.166667	6.166667	0.000000	0.000000	0	0	0
260	2	1	1	0.000000	7.500000	5.500000	0.000000	0.000000	0	0	0
261	1	1	3	0.000000	12.000000	7.000000	0.000000	0.000000	0	0	0
262	4	1	2	0.000000	12.250000	7.500000	0.000000	0.000000	0	0	0
263	163	2	1	0.000000	14.533742	14.018405	0.000000	0.000000	0	0	0
264	4	2	1	0.000000	21.500000	21.500000	0.000000	0.000000	0	0	0
265	5	1	1	0.000000	20.000000	20.000000	0.000000	0.000000	0	0	0
266	15	1	1	0.000000	20.933333	20.933333	0.000000	0.000000	0	0	0
267	6	1	2	0.000000	21.333333	21.333333	0.000000	0.000000	0	0	0
268	262	2	2	0.000000	6.923664	6.293893	0.000000	0.000000	0	0	0
269	70	1	0	0.000000	1.000000	1.000000	0.000000	0.000000	0	0	0
270	5	1	2	0.000000	1.800000	1.800000	0.000000	0.000000	0	0	0
271	1	2	3	0.000000	13.000000	13.000000	0.000000	0.000000	0	0	0
272	15	2	1	0.000000	14.466667	13.733333	0.000000	0.000000	0	0	0
273	15	1	1	0.000000	1.000000	1.000000	0.000000	0.000000	0	0	0
274	559	1	2	0.000000	7.731664	7.452594	0.000000	0.000000	0	0	0
275	48	1	1	0.000000	8.937500	8.500000	0.000000	0.000000	0	0	0
276	26	1	1	0.000000	9.269231	9.269231	0.000000	0.000000	0	0	0
277	4	2	2	0.000000	9.750000	9.750000	0.000000	0.000000	0	0	0
278	49	1	1	0.000000	10.897959	10.897959	0.000000	0.000000	0	0	0
279	72	1	1	0.000000	15.375000	15.222222	0.000000	0.000000	0	0	0
280	45	1	2	0.000000	21.955556	21.755556	0.000000	0.000000	0	0	0
281	293	1	0	0.000000	11.563140	11.105802	0.000000	0.000000	0	0	0
282	322	2	2	0.000000	10.540373	9.850932	0.000000	0.000000	0	0	0
283	26	2	1	0.000000	14.538462	14.538462	0.000000	0.000000	0	0	0
284	3	2	1	0.000000	16.666667	16.666667	0.000000	0.000000	0	0	0
285	12	1	2	0.000000	16.333333	16.333333	0.000000	0.000000	0	0	0
286	6	1	2	0.000000	15.833333	15.833333	0.000000	0.000000	0	0	0
287	3	1	2	0.000000	16.333333	16.333333	0.000000	0.000000	0	0	0
288	305	0	2	0.000000	14.131148	13.527869	0.000000	0.000000	0	0	0
289	14	2	1	0.000000	1.642857	1.642857	0.000000	0.000000	0	0	0
290	5	1	2	0.000000	2.000000	2.000000	0.000000	0.000000	0	0	0
291	3	1	2	0.000000	17.333333	12.000000	0.000000	0.000000	0	0	0
292	1	3	2	0.000000	19.000000	14.000000	0.000000	0.000000	0	0	0
293	18	2	1	0.000000	12.222222	11.666667	0.000000	0.000000	0	0	0
294	3	1	1	0.000000	12.000000	12.000000	0.000000	0.000000	0	0	0
295	7	2	2	0.000000	24.428571	24.428571	0.000000	0.000000	0	0	0
296	17	1	1	0.000000	17.117647	16.588235	0.000000	0.000000	0	0	0
297	20	1	2	0.000000	21.400000	19.650000	0.000000	0.000000	0	0	0
298	11	2	1	0.000000	7.363636	7.363636	0.000000	0.000000	0	0	0
299	331	1	2	0.000000	19.507553	19.126888	0.000000	0.000000	0	0	0
300	40	1	2	0.000000	13.125000	12.600000	0.000000	0.000000	0	0	0
301	47	1	0	0.000000	1.042553	1.042553	0.000000	0.000000	0	0	0
302	19	1	2	0.000000	13.894737	7.315789	0.000000	0.000000	0	0	0
303	36	2	2	0.000000	9.611111	6.750000	0.000000	0.000000	0	0	0
304	15	1	2	0.000000	15.866667	15.866667	0.000000	0.000000	0	0	0
305	57	1	1	0.000000	20.438596	19.403509	0.000000	0.000000	0	0	0
306	21	1	1	0.000000	16.190476	6.952381	0.000000	0.000000	0	0	0
307	291	0	2	0.000000	16.103093	14.408935	0.000000	0.000000	0	0	0
308	7	1	1	0.000000	11.428571	11.428571	0.000000	0.000000	0	0	0
309	1	1	2	0.000000	14.000000	14.000000	0.000000	0.000000	0	0	0
310	16	2	1	0.000000	19.625000	7.375000	0.000000	0.000000	0	0	0
311	3	2	2	0.000000	18.000000	14.333333	0.000000	0.000000	0	0	0
312	5	1	1	0.000000	5.000000	5.000000	0.000000	0.000000	0	0	0
313	83	1	2	0.000000	8.481928	8.228916	0.000000	0.000000	0	0	0
314	2	1	1	0.000000	1.000000	1.000000	0.000000	0.000000	0	0	0
315	1	2	2	0.000000	2.000000	2.000000	0.000000	0.000000	0	0	0
316	18	1	1	0.000000	1.777778	1.777778	0.000000	0.000000	0	0	0
317	329	1	2	0.000000	10.000000	9.790274	0.000000	0.000000	0	0	0
318	14	1	2	0.000000	8.142857	8.142857	0.000000	0.000000	0	0	0
319	33	1	1	0.000000	16.727273	8.484848	0.000000	0.000000	0	0	0
320	2	2	1	0.000000	23.000000	23.000000	0.000000	0.000000	0	0	0
321	21	1	1	0.000000	16.000000	16.000000	0.000000	0.000000	0	0	0
322	23	1	2	0.000000	18.608696	17.869565	0.000000	0.000000	0	0	0
323	112	0	0	0.000000	3.562500	3.562500	0.000000	0.000000	0	0	0
324	103	1	2	0.000000	18.427184	16.970874	0.000000	0.000000	0	0	0
325	9	1	2	0.000000	19.111111	18.111111	0.000000	0.000000	0	0	0
326	66	1	0	0.000000	1.075758	1.075758	0.000000	0.000000	0	0	0
327	171	1	2	0.000000	21.988304	21.742690	0.000000	0.000000	0	0	0
328	105	2	2	0.000000	4.857143	4.857143	0.000000	0.000000	0	0	0
329	21	1	1	0.000000	1.000000	1.000000	0.000000	0.000000	0	0	0
330	23	1	2	0.000000	13.826087	13.608696	0.000000	0.000000	0	0	0
331	29	2	2	0.000000	14.482759	14.482759	0.000000	0.000000	0	0	0
332	15	1	1	0.000000	11.933333	11.933333	0.000000	0.000000	0	0	0
333	2	2	2	0.000000	25.000000	25.000000	0.000000	0.000000	0	0	0
334	11	1	1	0.000000	9.727273	9.000000	0.000000	0.000000	0	0	0
335	10	1	2	0.000000	8.500000	7.500000	0.000000	0.000000	0	0	0
336	520	2	2	0.000000	16.319231	15.375000	0.000000	0.000000	0	0	0
337	18	2	2	0.000000	22.888889	22.888889	0.000000	0.000000	0	0	0
338	2	1	1	0.000000	22.000000	22.000000	0.000000	0.000000	0	0	0
339	1	1	2	0.000000	23.000000	23.000000	0.000000	0.000000	0	0	0
340	18	1	2	0.000000	20.722222	20.722222	0.000000	0.000000	0	0	0
341	211	1	2	0.000000	16.985782	15.706161	0.000000	0.000000	0	0	0
342	277	1	2	0.000000	16.328520	16.086643	0.000000	0.000000	0	0	0
343	56	2	2	0.000000	21.232143	20.410714	0.000000	0.000000	0	0	0
344	2	1	2	0.000000	17.000000	16.500000	0.000000	0.000000	0	0	0
345	8	1	2	0.000000	13.125000	10.875000	0.000000	0.000000	0	0	0
346	11	1	2	0.000000	13.363636	12.090909	0.000000	0.000000	0	0	0
347	135	0	2	0.000000	12.977778	12.666667	0.000000	0.000000	0	0	0
348	49	1	0	0.000000	1.000000	1.000000	0.000000	0.000000	0	0	0
349	7	1	2	0.000000	24.428571	22.428571	0.000000	0.000000	0	0	0
350	1	2	2	0.000000	27.000000	25.000000	0.000000	0.000000	0	0	0
351	2	1	1	0.000000	12.000000	12.000000	0.000000	0.000000	0	0	0
352	11	1	2	0.000000	12.454545	12.454545	0.000000	0.000000	0	0	0
353	8	1	2	0.000000	14.875000	14.875000	0.000000	0.000000	0	0	0
354	211	1	3	0.000000	7.582938	7.360190	0.000000	0.000000	0	0	0
355	178	2	2	0.000000	15.842697	13.921348	0.000000	0.000000	0	0	0
356	6	1	1	0.000000	9.000000	9.000000	0.000000	0.000000	0	0	0
357	1	2	2	0.000000	11.000000	11.000000	0.000000	0.000000	0	0	0
358	1	2	1	0.000000	10.000000	10.000000	0.000000	0.000000	0	0	0
359	1	2	2	0.000000	10.000000	10.000000	0.000000	0.000000	0	0	0
360	5	1	1	0.000000	7.600000	7.600000	0.000000	0.000000	0	0	0
361	21	1	1	0.000000	9.714286	9.714286	0.000000	0.000000	0	0	0
362	227	0	2	0.000000	9.682819	9.044053	0.000000	0.000000	0	0	0
363	67	1	0	0.000000	1.000000	1.000000	0.000000	0.000000	0	0	0
364	18	3	4	0.000000	17.833333	17.833333	0.000000	0.000000	0	0	0
365	146	2	1	0.000000	12.952055	12.267123	0.000000	0.000000	0	0	0
366	2	1	1	0.000000	15.000000	14.000000	0.000000	0.000000	0	0	0
367	4	2	2	0.000000	23.250000	21.250000	0.000000	0.000000	0	0	0
368	8	2	2	0.000000	21.125000	19.875000	0.000000	0.000000	0	0	0
369	1	3	1	0.000000	19.000000	18.000000	0.000000	0.000000	0	0	0
370	6	1	1	0.000000	11.000000	11.000000	0.000000	0.000000	0	0	0
371	44	1	2	0.000000	8.454545	7.772727	0.000000	0.000000	0	0	0
372	5	1	1	0.000000	12.000000	12.000000	0.000000	0.000000	0	0	0
373	50	2	2	0.000000	7.580000	5.220000	0.000000	0.000000	0	0	0
374	19	1	1	0.000000	11.368421	11.368421	0.000000	0.000000	0	0	0
375	88	1	1	0.000000	14.863636	14.056818	0.000000	0.000000	0	0	0
376	44	1	0	0.000000	1.000000	1.000000	0.000000	0.000000	0	0	0
377	3	1	1	0.000000	12.000000	9.000000	0.000000	0.000000	0	0	0
378	9	2	2	0.000000	16.888889	16.888889	0.000000	0.000000	0	0	0
379	21	1	1	0.000000	1.000000	1.000000	0.000000	0.000000	0	0	0
380	28	1	2	0.000000	20.250000	19.892857	0.000000	0.000000	0	0	0
381	46	1	1	0.000000	16.782609	16.782609	0.000000	0.000000	0	0	0
382	8	1	1	0.000000	14.875000	14.875000	0.000000	0.000000	0	0	0
383	9	1	1	0.000000	13.777778	12.777778	0.000000	0.000000	0	0	0
384	27	2	1	0.000000	12.074074	11.777778	0.000000	0.000000	0	0	0
385	7	2	1	0.000000	26.285714	25.285714	0.000000	0.000000	0	0	0
386	1	1	1	0.000000	9.000000	9.000000	0.000000	0.000000	0	0	0
387	1	2	2	0.000000	21.000000	19.000000	0.000000	0.000000	0	0	0
388	7	1	1	0.000000	1.000000	1.000000	0.000000	0.000000	0	0	0
389	196	2	2	0.000000	13.025510	11.520408	0.000000	0.000000	0	0	0
390	4	3	2	0.000000	76.000000	41.500000	0.000000	0.000000	0	0	0
391	3	1	1	0.000000	5.333333	3.666667	0.000000	0.000000	0	0	0
392	1	2	2	0.000000	27.000000	27.000000	0.000000	0.000000	0	0	0
393	21	1	1	0.000000	1.000000	1.000000	0.000000	0.000000	0	0	0
394	52	1	0	0.000000	1.000000	1.000000	0.000000	0.000000	0	0	0
395	4	2	2	0.000000	2.000000	2.000000	0.000000	0.000000	0	0	0
396	2	1	1	0.000000	1.000000	1.000000	0.000000	0.000000	0	0	0
397	2	1	2	0.000000	2.500000	2.500000	0.000000	0.000000	0	0	0
398	1	1	3	0.000000	9.000000	9.000000	0.000000	0.000000	0	0	0
399	23	1	1	0.000000	8.565217	8.565217	0.000000	0.000000	0	0	0
400	1	1	1	0.000000	20.000000	19.000000	0.000000	0.000000	0	0	0
401	301	1	2	0.000000	16.056478	15.720930	0.000000	0.000000	0	0	0
402	44	2	0	0.000000	1.250000	1.250000	0.000000	0.000000	0	0	0
403	3	1	1	0.000000	1.333333	1.333333	0.000000	0.000000	0	0	0
404	1	2	2	0.000000	5.000000	5.000000	0.000000	0.000000	0	0	0
405	47	1	2	0.000000	20.638298	20.319149	0.000000	0.000000	0	0	0
406	21	1	1	0.000000	21.761905	19.666667	0.000000	0.000000	0	0	0
407	64	1	0	0.000000	1.000000	1.000000	0.000000	0.000000	0	0	0
408	1	2	4	0.000000	38.000000	11.000000	0.000000	0.000000	0	0	0
409	2	2	1	0.000000	14.000000	14.000000	0.000000	0.000000	0	0	0
410	1	2	2	0.000000	11.000000	11.000000	0.000000	0.000000	0	0	0
411	21	1	1	0.000000	1.285714	1.285714	0.000000	0.000000	0	0	0
412	4	2	2	0.000000	18.250000	18.250000	0.000000	0.000000	0	0	0
413	4	3	1	0.000000	16.000000	16.000000	0.000000	0.000000	0	0	0
414	2	1	1	0.000000	1.000000	1.000000	0.000000	0.000000	0	0	0
415	18	1	1	0.000000	2.444444	2.444444	0.000000	0.000000	0	0	0
416	1	2	1	0.000000	20.000000	20.000000	0.000000	0.000000	0	0	0
417	37	1	1	0.000000	14.189189	13.486486	0.000000	0.000000	0	0	0
418	55	1	0	0.000000	1.000000	1.000000	0.000000	0.000000	0	0	0
419	17	1	1	0.000000	6.705882	2.000000	0.000000	0.000000	0	0	0
420	7	1	1	0.000000	1.000000	1.000000	0.000000	0.000000	0	0	0
421	14	1	2	0.000000	1.571429	1.571429	0.000000	0.000000	0	0	0
422	21	1	1	0.000000	1.380952	1.380952	0.000000	0.000000	0	0	0
423	1	2	2	0.000000	110.000000	13.000000	0.000000	0.000000	0	0	0
424	3	1	1	0.000000	108.666667	11.333333	0.000000	0.000000	0	0	0
425	1	1	1	0.000000	15.000000	15.000000	0.000000	0.000000	0	0	0
426	6	1	2	0.000000	16.000000	16.000000	0.000000	0.000000	0	0	0
427	3	2	2	0.000000	18.000000	18.000000	0.000000	0.000000	0	0	0
428	1	1	1	0.000000	17.000000	17.000000	0.000000	0.000000	0	0	0
429	4	1	1	0.000000	1.000000	1.000000	0.000000	0.000000	0	0	0
430	48	1	1	0.000000	1.125000	1.125000	0.000000	0.000000	0	0	0
431	40	2	2	0.000000	15.700000	14.975000	0.000000	0.000000	0	0	0
432	323	2	1	0.000000	14.188854	12.962848	0.000000	0.000000	0	0	0
433	20	2	1	0.000000	8.250000	6.600000	0.000000	0.000000	0	0	0
434	104	0	1	0.000000	8.355769	8.355769	0.000000	0.000000	0	0	0
435	25	2	1	0.000000	6.600000	6.600000	0.000000	0.000000	0	0	0
436	2	1	1	0.000000	8.000000	8.000000	0.000000	0.000000	0	0	0
437	1	2	2	0.000000	18.000000	9.000000	0.000000	0.000000	0	0	0
438	8	1	1	0.000000	8.625000	8.250000	0.000000	0.000000	0	0	0
439	1	2	1	0.000000	20.000000	20.000000	0.000000	0.000000	0	0	0
440	15	1	1	0.000000	11.666667	11.000000	0.000000	0.000000	0	0	0
441	60	1	0	0.000000	1.000000	1.000000	0.000000	0.000000	0	0	0
442	8	1	2	0.000000	13.500000	8.125000	0.000000	0.000000	0	0	0
443	3	2	2	0.000000	15.333333	8.333333	0.000000	0.000000	0	0	0
444	3	1	1	0.000000	4.333333	4.333333	0.000000	0.000000	0	0	0
445	21	1	1	0.000000	15.523810	15.476190	0.000000	0.000000	0	0	0
446	59	2	2	0.000000	15.305085	14.610169	0.000000	0.000000	0	0	0
447	61	1	0	0.000000	1.000000	1.000000	0.000000	0.000000	0	0	0
448	6	1	2	0.000000	2.000000	2.000000	0.000000	0.000000	0	0	0
449	18	1	1	0.000000	9.222222	8.333333	0.000000	0.000000	0	0	0
450	3	2	2	0.000000	18.000000	18.000000	0.000000	0.000000	0	0	0
451	74	1	2	0.000000	11.054054	10.283784	0.000000	0.000000	0	0	0
452	76	1	2	0.000000	7.723684	7.447368	0.000000	0.000000	0	0	0
453	5	1	1	0.000000	10.200000	10.200000	0.000000	0.000000	0	0	0
454	1	1	1	0.000000	11.000000	11.000000	0.000000	0.000000	0	0	0
455	6	2	2	0.000000	47.666667	9.333333	0.000000	0.000000	0	0	0
456	11	2	1	0.000000	42.000000	15.909091	0.000000	0.000000	0	0	0
457	35	1	1	0.000000	1.085714	1.085714	0.000000	0.000000	0	0	0
458	61	2	1	0.000000	12.098361	10.032787	0.000000	0.000000	0	0	0
459	173	1	0	0.000000	18.861272	17.895954	0.000000	0.000000	0	0	0
460	33	1	1	0.000000	19.121212	15.030303	0.000000	0.000000	0	0	0
461	7	1	1	0.000000	19.000000	18.000000	0.000000	0.000000	0	0	0
462	12	1	2	0.000000	27.250000	22.750000	0.000000	0.000000	0	0	0
463	1	2	2	0.000000	38.000000	37.000000	0.000000	0.000000	0	0	0
464	1	1	1	0.000000	26.000000	19.000000	0.000000	0.000000	0	0	0
465	4	2	1	0.000000	28.750000	16.000000	0.000000	0.000000	0	0	0
466	1	1	1	0.000000	3.000000	3.000000	0.000000	0.000000	0	0	0
467	21	1	1	0.000000	1.000000	1.000000	0.000000	0.000000	0	0	0
468	12	1	2	0.000000	12.666667	8.666667	0.000000	0.000000	0	0	0
469	78	1	0	0.000000	1.000000	1.000000	0.000000	0.000000	0	0	0
470	7	1	2	0.000000	1.285714	1.285714	0.000000	0.000000	0	0	0
471	21	1	1	0.000000	1.000000	1.000000	0.000000	0.000000	0	0	0
472	58	1	0	0.000000	1.017241	1.017241	0.000000	0.000000	0	0	0
473	2	2	2	0.000000	3.000000	3.000000	0.000000	0.000000	0	0	0
474	34	2	1	0.000000	1.029412	1.029412	0.000000	0.000000	0	0	0
475	4	2	1	0.000000	1.250000	1.250000	0.000000	0.000000	0	0	0
476	3	1	1	0.000000	1.000000	1.000000	0.000000	0.000000	0	0	0
477	24	1	2	0.000000	9.250000	5.166667	0.000000	0.000000	0	0	0
478	7	1	2	0.000000	12.000000	9.142857	0.000000	0.000000	0	0	0
479	29	1	1	0.000000	1.000000	1.000000	0.000000	0.000000	0	0	0
480	43	0	2	0.000000	7.023256	7.023256	0.000000	0.000000	0	0	0
481	78	1	0	0.000000	1.000000	1.000000	0.000000	0.000000	0	0	0
482	346	1	2	0.000000	17.026012	15.364162	0.000000	0.000000	0	0	0
483	23	2	2	0.000000	10.652174	9.304348	0.000000	0.000000	0	0	0
484	21	1	1	0.000000	1.000000	1.000000	0.000000	0.000000	0	0	0
485	251	2	2	0.000000	17.625498	17.071713	0.000000	0.000000	0	0	0
486	61	2	0	0.000000	1.131148	1.131148	0.000000	0.000000	0	0	0
487	23	1	1	0.000000	1.173913	1.173913	0.000000	0.000000	0	0	0
488	9	1	1	0.000000	2.000000	2.000000	0.000000	0.000000	0	0	0
489	74	1	0	0.000000	1.000000	1.000000	0.000000	0.000000	0	0	0
490	49	1	0	0.000000	1.000000	1.000000	0.000000	0.000000	0	0	0
491	3	1	2	0.000000	19.666667	2.000000	0.000000	0.000000	0	0	0
492	8	1	1	0.000000	3.000000	3.000000	0.000000	0.000000	0	0	0
493	12	1	1	0.000000	2.000000	2.000000	0.000000	0.000000	0	0	0
494	2	1	2	0.000000	26.000000	2.000000	0.000000	0.000000	0	0	0
495	1	3	3	0.000000	31.000000	6.000000	0.000000	0.000000	0	0	0
496	4	1	1	0.000000	6.250000	6.250000	0.000000	0.000000	0	0	0
497	1	1	3	0.000000	10.000000	10.000000	0.000000	0.000000	0	0	0
498	48	1	1	0.000000	9.270833	8.833333	0.000000	0.000000	0	0	0
499	21	1	1	0.000000	1.000000	1.000000	0.000000	0.000000	0	0	0
500	46	1	0	0.000000	1.021739	1.021739	0.000000	0.000000	0	0	0
501	83	2	2	0.000000	14.132530	10.975904	0.000000	0.000000	0	0	0
502	7	1	1	0.000000	16.000000	14.571429	0.000000	0.000000	0	0	0
503	6	1	1	0.000000	7.000000	7.000000	0.000000	0.000000	0	0	0
504	23	1	2	0.000000	8.000000	5.391304	0.000000	0.000000	0	0	0
505	6	1	1	0.000000	2.000000	2.000000	0.000000	0.000000	0	0	0
506	4	2	2	0.000000	3.000000	3.000000	0.000000	0.000000	0	0	0
507	8	2	1	0.000000	2.375000	1.250000	0.000000	0.000000	0	0	0
508	3	1	1	0.000000	2.000000	1.000000	0.000000	0.000000	0	0	0
509	6	1	3	0.000000	22.500000	21.500000	0.000000	0.000000	0	0	0
510	4	1	1	0.000000	14.000000	14.000000	0.000000	0.000000	0	0	0
511	4	2	4	0.000000	7.750000	7.750000	0.000000	0.000000	0	0	0
512	1	1	1	0.000000	5.000000	5.000000	0.000000	0.000000	0	0	0
513	1	1	3	0.000000	7.000000	7.000000	0.000000	0.000000	0	0	0
514	60	1	1	0.000000	7.300000	7.300000	0.000000	0.000000	0	0	0
515	2	2	2	0.000000	33.000000	7.000000	0.000000	0.000000	0	0	0
516	21	1	1	0.000000	1.000000	1.000000	0.000000	0.000000	0	0	0
517	272	2	0	0.000000	14.823529	14.301471	0.000000	0.000000	0	0	0
518	4	2	2	0.000000	17.750000	15.750000	0.000000	0.000000	0	0	0
519	21	1	1	0.000000	13.380952	11.904762	0.000000	0.000000	0	0	0
520	5	1	1	0.000000	10.000000	10.000000	0.000000	0.000000	0	0	0
521	0	1	2	Inf	Inf	Inf	Inf	Inf	0	0	0
522	4	2	2	0.000000	47.500000	8.250000	0.000000	0.000000	0	0	0
523	64	1	0	0.000000	1.000000	1.000000	0.000000	0.000000	0	0	0
524	79	1	1	0.000000	8.936709	8.405063	0.000000	0.000000	0	0	0
525	5	2	1	0.000000	25.600000	17.400000	0.000000	0.000000	0	0	0
526	88	2	2	0.000000	20.261364	18.556818	0.000000	0.000000	0	0	0
527	21	2	1	0.000000	22.428571	21.809524	0.000000	0.000000	0	0	0
528	20	1	2	0.000000	9.550000	8.350000	0.000000	0.000000	0	0	0
529	5	1	2	0.000000	16.400000	9.600000	0.000000	0.000000	0	0	0
530	2	1	1	0.000000	9.000000	9.000000	0.000000	0.000000	0	0	0
531	49	1	2	0.000000	10.244898	10.244898	0.000000	0.000000	0	0	0
532	66	1	0	0.000000	1.000000	1.000000	0.000000	0.000000	0	0	0
533	3	1	2	0.000000	15.333333	2.000000	0.000000	0.000000	0	0	0
534	1	1	2	0.000000	21.000000	21.000000	0.000000	0.000000	0	0	0
535	55	1	0	0.000000	1.054545	1.054545	0.000000	0.000000	0	0	0
536	14	1	1	0.000000	11.642857	9.214286	0.000000	0.000000	0	0	0
537	5	1	2	0.000000	24.200000	22.600000	0.000000	0.000000	0	0	0
538	11	2	1	0.000000	13.363636	1.181818	0.000000	0.000000	0	0	0
539	79	2	2	0.000000	19.063291	17.822785	0.000000	0.000000	0	0	0
540	6	1	1	0.000000	15.500000	12.000000	0.000000	0.000000	0	0	0
541	17	1	1	0.000000	11.705882	11.705882	0.000000	0.000000	0	0	0
542	4	1	2	0.000000	13.250000	13.250000	0.000000	0.000000	0	0	0
543	15	1	1	0.000000	6.466667	6.400000	0.000000	0.000000	0	0	0
544	3	1	1	0.000000	8.333333	1.000000	0.000000	0.000000	0	0	0
545	21	1	1	0.000000	1.000000	1.000000	0.000000	0.000000	0	0	0
546	13	1	1	0.000000	1.307692	1.307692	0.000000	0.000000	0	0	0
547	2	1	2	0.000000	3.000000	3.000000	0.000000	0.000000	0	0	0
548	21	1	1	0.000000	1.000000	1.000000	0.000000	0.000000	0	0	0
549	12	1	1	0.000000	3.666667	3.666667	0.000000	0.000000	0	0	0
550	1	2	3	0.000000	11.000000	2.000000	0.000000	0.000000	0	0	0
551	4	2	1	0.000000	1.250000	1.250000	0.000000	0.000000	0	0	0
552	13	1	1	0.000000	1.000000	1.000000	0.000000	0.000000	0	0	0
553	22	1	1	0.000000	1.000000	1.000000	0.000000	0.000000	0	0	0
554	4	1	1	0.000000	5.000000	5.000000	0.000000	0.000000	0	0	0
555	44	1	0	0.000000	1.000000	1.000000	0.000000	0.000000	0	0	0
556	1	1	2	0.000000	2.000000	2.000000	0.000000	0.000000	0	0	0
557	2	1	2	0.000000	10.500000	5.000000	0.000000	0.000000	0	0	0
558	39	1	1	0.000000	1.000000	1.000000	0.000000	0.000000	0	0	0
559	68	1	0	0.000000	1.000000	1.000000	0.000000	0.000000	0	0	0
560	2	3	2	0.000000	32.000000	32.000000	0.000000	0.000000	0	0	0
561	2	1	1	0.000000	26.500000	26.500000	0.000000	0.000000	0	0	0
562	13	1	1	0.000000	2.923077	2.923077	0.000000	0.000000	0	0	0
563	21	1	1	0.000000	1.000000	1.000000	0.000000	0.000000	0	0	0
564	111	2	1	0.000000	8.207207	8.018018	0.000000	0.000000	0	0	0
565	58	1	0	0.000000	1.000000	1.000000	0.000000	0.000000	0	0	0
566	1	4	1	0.000000	29.000000	2.000000	0.000000	0.000000	0	0	0
567	3	1	1	0.000000	1.000000	1.000000	0.000000	0.000000	0	0	0
568	1	1	2	0.000000	3.000000	3.000000	0.000000	0.000000	0	0	0
569	71	1	1	0.000000	1.000000	1.000000	0.000000	0.000000	0	0	0
570	38	1	1	0.000000	2.684211	2.684211	0.000000	0.000000	0	0	0
571	42	1	1	0.000000	5.523810	5.023810	0.000000	0.000000	0	0	0
572	52	1	1	0.000000	1.000000	1.000000	0.000000	0.000000	0	0	0
573	73	1	0	0.000000	1.000000	1.000000	0.000000	0.000000	0	0	0
574	46	1	0	0.000000	1.000000	1.000000	0.000000	0.000000	0	0	0
575	2	1	1	0.000000	23.500000	5.000000	0.000000	0.000000	0	0	0
576	3	2	2	0.000000	23.666667	5.000000	0.000000	0.000000	0	0	0
577	35	1	1	0.000000	4.457143	4.171429	0.000000	0.000000	0	0	0
578	29	1	2	0.000000	1.965517	1.965517	0.000000	0.000000	0	0	0
579	3	1	2	0.000000	6.000000	4.333333	0.000000	0.000000	0	0	0
580	17	1	1	0.000000	1.000000	1.000000	0.000000	0.000000	0	0	0
581	12	1	2	0.000000	2.000000	2.000000	0.000000	0.000000	0	0	0
582	4	1	2	0.000000	3.000000	3.000000	0.000000	0.000000	0	0	0
583	1	2	2	0.000000	4.000000	4.000000	0.000000	0.000000	0	0	0
584	3	1	1	0.000000	3.000000	3.000000	0.000000	0.000000	0	0	0
585	6	1	1	0.000000	1.000000	1.000000	0.000000	0.000000	0	0	0
586	62	0	1	0.000000	4.693548	4.693548	0.000000	0.000000	0	0	0
587	1	4	5	0.000000	110.000000	108.000000	0.000000	0.000000	0	0	0
588	2	1	1	0.000000	11.000000	8.500000	0.000000	0.000000	0	0	0
589	1	2	2	0.000000	12.000000	9.000000	0.000000	0.000000	0	0	0
590	6	2	1	0.000000	4.000000	2.833333	0.000000	0.000000	0	0	0
591	3	2	1	0.000000	3.666667	3.666667	0.000000	0.000000	0	0	0
592	1	1	1	0.000000	3.000000	3.000000	0.000000	0.000000	0	0	0
593	1	1	2	0.000000	4.000000	4.000000	0.000000	0.000000	0	0	0
594	2	1	2	0.000000	4.500000	4.500000	0.000000	0.000000	0	0	0
595	5	2	2	0.000000	4.000000	4.000000	0.000000	0.000000	0	0	0
596	2	1	1	0.000000	1.000000	1.000000	0.000000	0.000000	0	0	0
597	11	1	1	0.000000	1.000000	1.000000	0.000000	0.000000	0	0	0
598	2	1	1	0.000000	3.500000	3.500000	0.000000	0.000000	0	0	0
599	62	1	0	0.000000	1.000000	1.000000	0.000000	0.000000	0	0	0
600	22	1	2	0.000000	9.590909	7.363636	0.000000	0.000000	0	0	0
601	44	1	0	0.000000	1.000000	1.000000	0.000000	0.000000	0	0	0
602	45	1	1	0.000000	1.000000	1.000000	0.000000	0.000000	0	0	0
603	47	1	0	0.000000	1.042553	1.042553	0.000000	0.000000	0	0	0
604	64	1	0	0.000000	1.000000	1.000000	0.000000	0.000000	0	0	0
605	3	1	2	0.000000	2.000000	2.000000	0.000000	0.000000	0	0	0
606	3	1	2	0.000000	3.333333	3.333333	0.000000	0.000000	0	0	0
607	1	1	1	0.000000	1.000000	1.000000	0.000000	0.000000	0	0	0
608	9	1	1	0.000000	24.555556	10.222222	0.000000	0.000000	0	0	0
609	5	1	1	0.000000	1.000000	1.000000	0.000000	0.000000	0	0	0
610	21	1	1	0.000000	1.000000	1.000000	0.000000	0.000000	0	0	0
611	5	1	2	0.000000	4.000000	4.000000	0.000000	0.000000	0	0	0
612	1	1	2	0.000000	5.000000	5.000000	0.000000	0.000000	0	0	0
613	2	1	2	0.000000	5.500000	5.500000	0.000000	0.000000	0	0	0
614	47	1	0	0.000000	1.000000	1.000000	0.000000	0.000000	0	0	0
615	124	1	1	0.000000	6.112903	5.983871	0.000000	0.000000	0	0	0
616	14	1	1	0.000000	18.785714	1.000000	0.000000	0.000000	0	0	0
617	20	1	2	0.000000	20.300000	17.350000	0.000000	0.000000	0	0	0
618	1	1	2	0.000000	5.000000	5.000000	0.000000	0.000000	0	0	0
619	57	1	0	0.000000	1.122807	1.122807	0.000000	0.000000	0	0	0
620	1	1	2	0.000000	3.000000	3.000000	0.000000	0.000000	0	0	0
621	21	1	1	0.000000	1.000000	1.000000	0.000000	0.000000	0	0	0
622	9	2	1	0.000000	4.555556	4.555556	0.000000	0.000000	0	0	0
623	4	1	1	0.000000	13.000000	9.000000	0.000000	0.000000	0	0	0
624	60	1	0	0.000000	1.000000	1.000000	0.000000	0.000000	0	0	0
625	21	1	1	0.000000	1.000000	1.000000	0.000000	0.000000	0	0	0
626	4	2	1	0.000000	1.250000	1.250000	0.000000	0.000000	0	0	0
627	17	1	1	0.000000	1.000000	1.000000	0.000000	0.000000	0	0	0
628	51	1	0	0.000000	1.098039	1.098039	0.000000	0.000000	0	0	0
629	2	1	2	0.000000	3.000000	3.000000	0.000000	0.000000	0	0	0
630	81	2	0	0.000000	1.975309	1.975309	0.000000	0.000000	0	0	0
631	7	1	1	0.000000	3.000000	3.000000	0.000000	0.000000	0	0	0
632	2	1	1	0.000000	13.500000	13.500000	0.000000	0.000000	0	0	0
633	16	1	1	0.000000	5.125000	5.125000	0.000000	0.000000	0	0	0
634	62	1	0	0.000000	1.000000	1.000000	0.000000	0.000000	0	0	0
635	6	1	2	0.000000	2.000000	2.000000	0.000000	0.000000	0	0	0
636	12	1	1	0.000000	1.000000	1.000000	0.000000	0.000000	0	0	0
637	21	1	1	0.000000	1.000000	1.000000	0.000000	0.000000	0	0	0
638	78	1	0	0.000000	1.000000	1.000000	0.000000	0.000000	0	0	0
639	5	1	1	0.000000	1.000000	1.000000	0.000000	0.000000	0	0	0
640	67	1	0	0.000000	1.328358	1.283582	0.000000	0.000000	0	0	0
641	21	1	1	0.000000	1.857143	1.857143	0.000000	0.000000	0	0	0
642	11	2	1	0.000000	2.454545	2.454545	0.000000	0.000000	0	0	0
643	7	1	1	0.000000	1.000000	1.000000	0.000000	0.000000	0	0	0
644	75	1	0	0.000000	1.106667	1.106667	0.000000	0.000000	0	0	0
645	14	1	1	0.000000	5.357143	4.571429	0.000000	0.000000	0	0	0
646	22	1	2	0.000000	16.500000	10.545455	0.000000	0.000000	0	0	0
647	42	1	0	0.000000	1.095238	1.095238	0.000000	0.000000	0	0	0
648	7	2	1	0.000000	11.571429	11.142857	0.000000	0.000000	0	0	0
649	21	1	1	0.000000	1.000000	1.000000	0.000000	0.000000	0	0	0
650	42	1	0	0.000000	1.000000	1.000000	0.000000	0.000000	0	0	0
651	6	1	1	0.000000	1.000000	1.000000	0.000000	0.000000	0	0	0
652	63	1	1	0.000000	1.000000	1.000000	0.000000	0.000000	0	0	0
653	21	1	1	0.000000	2.333333	2.000000	0.000000	0.000000	0	0	0
654	21	1	1	0.000000	1.000000	1.000000	0.000000	0.000000	0	0	0
655	28	1	2	0.000000	9.357143	9.357143	0.000000	0.000000	0	0	0
656	56	1	0	0.000000	1.000000	1.000000	0.000000	0.000000	0	0	0
657	3	2	1	0.000000	3.000000	3.000000	0.000000	0.000000	0	0	0
658	21	1	1	0.000000	1.000000	1.000000	0.000000	0.000000	0	0	0
659	12	1	2	0.000000	2.833333	2.833333	0.000000	0.000000	0	0	0
660	57	1	0	0.000000	1.000000	1.000000	0.000000	0.000000	0	0	0
661	64	0	0	0.000000	1.000000	1.000000	0.000000	0.000000	0	0	0
662	16	1	1	0.000000	1.000000	1.000000	0.000000	0.000000	0	0	0
663	30	1	1	0.000000	1.000000	1.000000	0.000000	0.000000	0	0	0
664	60	1	0	0.000000	1.000000	1.000000	0.000000	0.000000	0	0	0
665	70	1	0	0.000000	1.000000	1.000000	0.000000	0.000000	0	0	0
666	50	1	0	0.000000	1.000000	1.000000	0.000000	0.000000	0	0	0
667	64	1	0	0.000000	1.078125	1.078125	0.000000	0.000000	0	0	0
668	20	1	1	0.000000	1.000000	1.000000	0.000000	0.000000	0	0	0
669	2	1	2	0.000000	2.000000	2.000000	0.000000	0.000000	0	0	0
670	1	2	1	0.000000	4.000000	4.000000	0.000000	0.000000	0	0	0
671	6	1	1	0.000000	3.000000	3.000000	0.000000	0.000000	0	0	0
672	7	1	1	0.000000	1.000000	1.000000	0.000000	0.000000	0	0	0
673	3	1	1	0.000000	1.666667	1.666667	0.000000	0.000000	0	0	0
674	18	1	1	0.000000	1.055556	1.055556	0.000000	0.000000	0	0	0
675	21	1	1	0.000000	1.000000	1.000000	0.000000	0.000000	0	0	0
676	3	1	1	0.000000	14.000000	1.000000	0.000000	0.000000	0	0	0
677	4	1	1	0.000000	1.000000	1.000000	0.000000	0.000000	0	0	0
678	1	2	1	0.000000	4.000000	4.000000	0.000000	0.000000	0	0	0
679	1	1	1	0.000000	3.000000	3.000000	0.000000	0.000000	0	0	0
680	1	1	2	0.000000	4.000000	4.000000	0.000000	0.000000	0	0	0
681	8	1	1	0.000000	1.000000	1.000000	0.000000	0.000000	0	0	0
682	28	1	1	0.000000	1.000000	1.000000	0.000000	0.000000	0	0	0
683	50	1	0	0.000000	1.000000	1.000000	0.000000	0.000000	0	0	0
684	15	1	1	0.000000	1.733333	1.733333	0.000000	0.000000	0	0	0
685	21	1	1	0.000000	1.000000	1.000000	0.000000	0.000000	0	0	0
686	57	1	1	0.000000	1.000000	1.000000	0.000000	0.000000	0	0	0
687	25	1	2	0.000000	2.360000	1.400000	0.000000	0.000000	0	0	0
688	21	1	1	0.000000	1.285714	1.285714	0.000000	0.000000	0	0	0
689	2	1	1	0.000000	1.000000	1.000000	0.000000	0.000000	0	0	0
690	21	1	1	0.000000	1.000000	1.000000	0.000000	0.000000	0	0	0
691	47	1	1	0.000000	1.000000	1.000000	0.000000	0.000000	0	0	0
692	49	1	1	0.000000	1.000000	1.000000	0.000000	0.000000	0	0	0
693	3	2	2	0.000000	3.333333	2.333333	0.000000	0.000000	0	0	0
694	21	1	1	0.000000	1.000000	1.000000	0.000000	0.000000	0	0	0
695	48	1	0	0.000000	1.000000	1.000000	0.000000	0.000000	0	0	0
696	47	1	0	0.000000	1.000000	1.000000	0.000000	0.000000	0	0	0
697	2	1	1	0.000000	2.000000	2.000000	0.000000	0.000000	0	0	0
698	21	1	1	0.000000	1.000000	1.000000	0.000000	0.000000	0	0	0
699	45	1	0	0.000000	1.000000	1.000000	0.000000	0.000000	0	0	0
700	59	1	0	0.000000	1.000000	1.000000	0.000000	0.000000	0	0	0
701	49	1	0	0.000000	1.000000	1.000000	0.000000	0.000000	0	0	0
702	62	1	0	0.000000	1.000000	1.000000	0.000000	0.000000	0	0	0
703	52	1	0	0.000000	1.000000	1.000000	0.000000	0.000000	0	0	0
704	21	1	1	0.000000	1.000000	1.000000	0.000000	0.000000	0	0	0
705	60	1	0	0.000000	1.000000	1.000000	0.000000	0.000000	0	0	0
706	2	1	1	0.000000	1.000000	1.000000	0.000000	0.000000	0	0	0
707	46	1	0	0.000000	1.000000	1.000000	0.000000	0.000000	0	0	0
708	6	1	1	0.000000	1.000000	1.000000	0.000000	0.000000	0	0	0
709	2	1	1	0.000000	1.000000	1.000000	0.000000	0.000000	0	0	0
710	3	1	1	0.000000	1.000000	1.000000	0.000000	0.000000	0	0	0
711	2	1	2	0.000000	2.000000	2.000000	0.000000	0.000000	0	0	0
712	1	2	2	0.000000	4.000000	4.000000	0.000000	0.000000	0	0	0
713	1	1	1	0.000000	3.000000	3.000000	0.000000	0.000000	0	0	0
714	3	1	1	0.000000	13.000000	2.000000	0.000000	0.000000	0	0	0
715	17	1	1	0.000000	2.000000	2.000000	0.000000	0.000000	0	0	0
716	12	2	1	0.000000	1.666667	1.666667	0.000000	0.000000	0	0	0
717	9	1	1	0.000000	1.000000	1.000000	0.000000	0.000000	0	0	0
718	1	1	1	0.000000	13.000000	1.000000	0.000000	0.000000	0	0	0
719	29	2	1	0.000000	1.206897	1.206897	0.000000	0.000000	0	0	0
720	21	1	1	0.000000	1.000000	1.000000	0.000000	0.000000	0	0	0
721	42	1	1	0.000000	22.166667	17.357143	0.000000	0.000000	0	0	0
722	21	1	1	0.000000	1.000000	1.000000	0.000000	0.000000	0	0	0
723	33	1	1	0.000000	1.181818	1.181818	0.000000	0.000000	0	0	0
724	6	1	2	0.000000	4.333333	1.833333	0.000000	0.000000	0	0	0
725	44	1	0	0.000000	1.000000	1.000000	0.000000	0.000000	0	0	0
726	4	1	1	0.000000	9.000000	9.000000	0.000000	0.000000	0	0	0
727	60	1	0	0.000000	1.000000	1.000000	0.000000	0.000000	0	0	0
728	45	1	1	0.000000	2.000000	1.466667	0.000000	0.000000	0	0	0
729	55	1	0	0.000000	1.018182	1.018182	0.000000	0.000000	0	0	0
730	22	1	1	0.000000	1.318182	1.318182	0.000000	0.000000	0	0	0
731	63	1	0	0.000000	1.000000	1.000000	0.000000	0.000000	0	0	0
732	54	1	0	0.000000	1.018519	1.018519	0.000000	0.000000	0	0	0
733	55	1	0	0.000000	1.000000	1.000000	0.000000	0.000000	0	0	0
734	1	1	2	0.000000	2.000000	2.000000	0.000000	0.000000	0	0	0
735	2	1	1	0.000000	1.000000	1.000000	0.000000	0.000000	0	0	0
736	11	2	1	0.000000	1.818182	1.818182	0.000000	0.000000	0	0	0
737	2	1	1	0.000000	1.000000	1.000000	0.000000	0.000000	0	0	0
738	6	1	1	0.000000	1.000000	1.000000	0.000000	0.000000	0	0	0
739	2	1	1	0.000000	1.000000	1.000000	0.000000	0.000000	0	0	0
740	1	2	2	0.000000	17.000000	4.000000	0.000000	0.000000	0	0	0
741	106	2	2	0.000000	16.679245	14.273585	0.000000	0.000000	0	0	0
742	30	1	1	0.000000	1.000000	1.000000	0.000000	0.000000	0	0	0
743	76	1	0	0.000000	1.000000	1.000000	0.000000	0.000000	0	0	0
744	21	1	1	0.000000	1.000000	1.000000	0.000000	0.000000	0	0	0
745	45	1	0	0.000000	1.000000	1.000000	0.000000	0.000000	0	0	0
746	6	1	1	0.000000	1.000000	1.000000	0.000000	0.000000	0	0	0
747	23	1	1	0.000000	1.000000	1.000000	0.000000	0.000000	0	0	0
748	8	1	1	0.000000	1.000000	1.000000	0.000000	0.000000	0	0	0
749	21	1	1	0.000000	1.619048	1.571429	0.000000	0.000000	0	0	0
750	27	1	1	0.000000	1.000000	1.000000	0.000000	0.000000	0	0	0
751	21	1	1	0.000000	1.000000	1.000000	0.000000	0.000000	0	0	0
752	51	1	0	0.000000	1.000000	1.000000	0.000000	0.000000	0	0	0
753	1	2	2	0.000000	2.000000	2.000000	0.000000	0.000000	0	0	0
754	32	1	1	0.000000	1.000000	1.000000	0.000000	0.000000	0	0	0
755	78	1	0	0.000000	1.000000	1.000000	0.000000	0.000000	0	0	0
756	21	1	1	0.000000	1.000000	1.000000	0.000000	0.000000	0	0	0
757	45	1	0	0.000000	1.000000	1.000000	0.000000	0.000000	0	0	0
758	57	1	0	0.000000	1.000000	1.000000	0.000000	0.000000	0	0	0
759	5	1	1	0.000000	17.000000	1.000000	0.000000	0.000000	0	0	0
760	60	1	1	0.000000	1.000000	1.000000	0.000000	0.000000	0	0	0
761	48	1	0	0.000000	1.000000	1.000000	0.000000	0.000000	0	0	0
762	2	1	2	0.000000	2.000000	2.000000	0.000000	0.000000	0	0	0
763	57	2	0	0.000000	1.017544	1.017544	0.000000	0.000000	0	0	0
764	10	1	1	0.000000	1.000000	1.000000	0.000000	0.000000	0	0	0
765	44	1	0	0.000000	1.000000	1.000000	0.000000	0.000000	0	0	0
766	63	1	0	0.000000	1.000000	1.000000	0.000000	0.000000	0	0	0
767	14	1	1	0.000000	1.000000	1.000000	0.000000	0.000000	0	0	0
768	52	1	1	0.000000	1.000000	1.000000	0.000000	0.000000	0	0	0
769	21	1	1	0.000000	1.000000	1.000000	0.000000	0.000000	0	0	0
770	50	1	0	0.000000	1.000000	1.000000	0.000000	0.000000	0	0	0
771	11	2	1	0.000000	1.363636	1.363636	0.000000	0.000000	0	0	0
772	3	1	1	0.000000	2.000000	2.000000	0.000000	0.000000	0	0	0
773	47	1	0	0.000000	1.000000	1.000000	0.000000	0.000000	0	0	0
774	21	1	1	0.000000	1.000000	1.000000	0.000000	0.000000	0	0	0
775	59	1	0	0.000000	1.000000	1.000000	0.000000	0.000000	0	0	0
776	67	1	0	0.000000	1.000000	1.000000	0.000000	0.000000	0	0	0
777	1	1	2	0.000000	2.000000	2.000000	0.000000	0.000000	0	0	0
778	53	1	0	0.000000	1.000000	1.000000	0.000000	0.000000	0	0	0
779	57	1	0	0.000000	1.000000	1.000000	0.000000	0.000000	0	0	0
780	35	1	1	0.000000	1.000000	1.000000	0.000000	0.000000	0	0	0
781	59	1	0	0.000000	1.000000	1.000000	0.000000	0.000000	0	0	0
782	21	1	1	0.000000	1.000000	1.000000	0.000000	0.000000	0	0	0
783	65	1	0	0.000000	1.000000	1.000000	0.000000	0.000000	0	0	0
784	21	1	1	0.000000	1.000000	1.000000	0.000000	0.000000	0	0	0
785	21	1	1	0.000000	1.904762	1.190476	0.000000	0.000000	0	0	0
786	50	1	0	0.000000	1.000000	1.000000	0.000000	0.000000	0	0	0
787	52	1	0	0.000000	1.000000	1.000000	0.000000	0.000000	0	0	0
788	7	1	1	0.000000	1.000000	1.000000	0.000000	0.000000	0	0	0
789	2	1	1	0.000000	1.000000	1.000000	0.000000	0.000000	0	0	0
790	2	1	1	0.000000	11.500000	1.000000	0.000000	0.000000	0	0	0
791	50	1	1	0.000000	1.000000	1.000000	0.000000	0.000000	0	0	0
792	21	1	1	0.000000	1.000000	1.000000	0.000000	0.000000	0	0	0
793	65	1	0	0.000000	1.000000	1.000000	0.000000	0.000000	0	0	0
794	47	1	1	0.000000	1.000000	1.000000	0.000000	0.000000	0	0	0
795	72	1	0	0.000000	1.000000	1.000000	0.000000	0.000000	0	0	0
796	1	1	2	0.000000	2.000000	2.000000	0.000000	0.000000	0	0	0
797	50	1	0	0.000000	1.000000	1.000000	0.000000	0.000000	0	0	0
798	39	1	1	0.000000	1.000000	1.000000	0.000000	0.000000	0	0	0
799	4	1	1	0.000000	1.000000	1.000000	0.000000	0.000000	0	0	0
800	21	1	1	0.000000	1.000000	1.000000	0.000000	0.000000	0	0	0
801	21	1	1	0.000000	1.095238	1.095238	0.000000	0.000000	0	0	0
802	66	1	0	0.000000	1.000000	1.000000	0.000000	0.000000	0	0	0
803	18	1	1	0.000000	1.000000	1.000000	0.000000	0.000000	0	0	0
804	1	1	2	0.000000	2.000000	2.000000	0.000000	0.000000	0	0	0
805	48	1	0	0.000000	1.000000	1.000000	0.000000	0.000000	0	0	0
806	48	1	0	0.000000	1.062500	1.062500	0.000000	0.000000	0	0	0
807	70	1	1	0.000000	1.000000	1.000000	0.000000	0.000000	0	0	0
808	49	1	0	0.000000	1.000000	1.000000	0.000000	0.000000	0	0	0
809	67	1	0	0.000000	1.000000	1.000000	0.000000	0.000000	0	0	0
810	21	1	1	0.000000	1.000000	1.000000	0.000000	0.000000	0	0	0
811	62	1	0	0.000000	1.000000	1.000000	0.000000	0.000000	0	0	0
812	1	1	1	0.000000	1.000000	1.000000	0.000000	0.000000	0	0	0
813	3	1	1	0.000000	1.000000	1.000000	0.000000	0.000000	0	0	0
814	2	1	1	0.000000	1.000000	1.000000	0.000000	0.000000	0	0	0
815	5	1	1	0.000000	14.600000	1.000000	0.000000	0.000000	0	0	0
816	2	1	1	0.000000	1.000000	1.000000	0.000000	0.000000	0	0	0
817	18	2	1	0.000000	2.000000	1.000000	0.000000	0.000000	0	0	0
818	1	1	1	0.000000	22.000000	1.000000	0.000000	0.000000	0	0	0
819	64	1	0	0.000000	1.000000	1.000000	0.000000	0.000000	0	0	0
820	49	1	0	0.000000	1.000000	1.000000	0.000000	0.000000	0	0	0
821	20	1	1	0.000000	1.100000	1.100000	0.000000	0.000000	0	0	0
822	2	1	1	0.000000	1.000000	1.000000	0.000000	0.000000	0	0	0
823	21	1	1	0.000000	1.000000	1.000000	0.000000	0.000000	0	0	0
824	71	1	0	0.000000	1.000000	1.000000	0.000000	0.000000	0	0	0
825	1	1	1	0.000000	1.000000	1.000000	0.000000	0.000000	0	0	0
826	3	1	1	0.000000	1.000000	1.000000	0.000000	0.000000	0	0	0
827	1	1	1	0.000000	1.000000	1.000000	0.000000	0.000000	0	0	0
828	21	1	1	0.000000	1.000000	1.000000	0.000000	0.000000	0	0	0
829	21	1	1	0.000000	1.000000	1.000000	0.000000	0.000000	0	0	0
830	39	1	1	0.000000	1.974359	1.025641	0.000000	0.000000	0	0	0
831	33	1	1	0.000000	1.000000	1.000000	0.000000	0.000000	0	0	0
832	57	1	0	0.000000	1.000000	1.000000	0.000000	0.000000	0	0	0
833	54	1	0	0.000000	1.000000	1.000000	0.000000	0.000000	0	0	0
834	21	1	1	0.000000	1.000000	1.000000	0.000000	0.000000	0	0	0
835	68	1	0	0.000000	1.000000	1.000000	0.000000	0.000000	0	0	0
836	21	1	1	0.000000	1.000000	1.000000	0.000000	0.000000	0	0	0
837	21	1	1	0.000000	1.000000	1.000000	0.000000	0.000000	0	0	0
838	2	1	2	0.000000	2.000000	2.000000	0.000000	0.000000	0	0	0
839	54	1	0	0.000000	1.000000	1.000000	0.000000	0.000000	0	0	0
840	1	1	1	0.000000	1.000000	1.000000	0.000000	0.000000	0	0	0
841	16	1	1	0.000000	1.000000	1.000000	0.000000	0.000000	0	0	0
842	46	1	0	0.000000	1.000000	1.000000	0.000000	0.000000	0	0	0
843	52	1	0	0.000000	1.000000	1.000000	0.000000	0.000000	0	0	0
844	60	1	0	0.000000	1.000000	1.000000	0.000000	0.000000	0	0	0
845	55	1	0	0.000000	1.000000	1.000000	0.000000	0.000000	0	0	0
846	75	1	0	0.000000	1.000000	1.000000	0.000000	0.000000	0	0	0
847	73	1	0	0.000000	1.000000	1.000000	0.000000	0.000000	0	0	0
848	21	1	1	0.000000	1.000000	1.000000	0.000000	0.000000	0	0	0
849	53	1	0	0.000000	1.000000	1.000000	0.000000	0.000000	0	0	0
850	50	1	0	0.000000	1.000000	1.000000	0.000000	0.000000	0	0	0
851	21	1	1	0.000000	1.000000	1.000000	0.000000	0.000000	0	0	0
852	42	1	0	0.000000	1.000000	1.000000	0.000000	0.000000	0	0	0
853	44	1	0	0.000000	1.000000	1.000000	0.000000	0.000000	0	0	0
854	66	1	0	0.000000	1.000000	1.000000	0.000000	0.000000	0	0	0
855	21	1	1	0.000000	1.000000	1.000000	0.000000	0.000000	0	0	0
856	3	1	1	0.000000	1.000000	1.000000	0.000000	0.000000	0	0	0
857	10	1	1	0.000000	1.000000	1.000000	0.000000	0.000000	0	0	0
858	48	1	0	0.000000	1.000000	1.000000	0.000000	0.000000	0	0	0
859	64	1	0	0.000000	1.000000	1.000000	0.000000	0.000000	0	0	0
860	10	1	1	0.000000	1.000000	1.000000	0.000000	0.000000	0	0	0
861	41	1	1	0.000000	1.000000	1.000000	0.000000	0.000000	0	0	0
862	14	1	1	0.000000	1.000000	1.000000	0.000000	0.000000	0	0	0
863	6	1	1	0.000000	1.000000	1.000000	0.000000	0.000000	0	0	0
864	56	1	0	0.000000	1.000000	1.000000	0.000000	0.000000	0	0	0
865	53	1	0	0.000000	1.000000	1.000000	0.000000	0.000000	0	0	0
866	21	1	1	0.000000	1.000000	1.000000	0.000000	0.000000	0	0	0
867	17	1	1	0.000000	1.000000	1.000000	0.000000	0.000000	0	0	0
868	3	1	1	0.000000	1.000000	1.000000	0.000000	0.000000	0	0	0
869	21	1	1	0.000000	1.000000	1.000000	0.000000	0.000000	0	0	0
870	1	1	1	0.000000	1.000000	1.000000	0.000000	0.000000	0	0	0
871	64	1	0	0.000000	1.000000	1.000000	0.000000	0.000000	0	0	0
872	21	1	1	0.000000	1.000000	1.000000	0.000000	0.000000	0	0	0
