780	0	17	1
ROADMAP 1
ROADMAP 2
ROADMAP 3
ROADMAP 4
ROADMAP 5
ROADMAP 6
ROADMAP 7
ROADMAP 8
ROADMAP 9
ROADMAP 10
ROADMAP 11
ROADMAP 12
ROADMAP 13
ROADMAP 14
ROADMAP 15
ROADMAP 16
ROADMAP 17
3	13	0	21
ROADMAP 18
ROADMAP 19
ROADMAP 20
2	18	0	16
ROADMAP 21
6	0	2	34
ROADMAP 22
ROADMAP 23
ROADMAP 24
8	28	0	6
ROADMAP 25
17	3	0	13
3	3	0	18
ROADMAP 26
10	0	10	34
ROADMAP 27
ROADMAP 28
ROADMAP 29
ROADMAP 30
16	0	16	34
1	3	0	13
ROADMAP 31
19	26	0	8
ROADMAP 32
ROADMAP 33
ROADMAP 34
6	0	20	34
21	0	0	2
ROADMAP 35
12	0	14	34
ROADMAP 36
ROADMAP 37
ROADMAP 38
36	0	9	34
22	1	0	8
ROADMAP 39
6	19	0	15
ROADMAP 40
29	16	7	13
ROADMAP 41
ROADMAP 42
41	22	0	12
ROADMAP 43
ROADMAP 44
ROADMAP 45
23	0	32	34
ROADMAP 46
34	0	14	18
44	5	0	25
ROADMAP 47
4	24	0	10
ROADMAP 48
3	0	16	34
ROADMAP 49
ROADMAP 50
10	0	13	34
26	0	0	10
ROADMAP 51
12	0	21	34
35	0	0	14
ROADMAP 52
7	15	0	19
ROADMAP 53
16	29	0	5
ROADMAP 54
3	0	32	34
48	0	0	16
ROADMAP 55
26	0	4	10
50	0	0	3
15	17	0	8
ROADMAP 56
29	21	0	13
ROADMAP 57
40	9	0	16
29	9	7	13
40	9	16	19
ROADMAP 58
ROADMAP 59
27	8	0	26
ROADMAP 60
41	0	17	34
ROADMAP 61
18	0	26	34
ROADMAP 62
36	18	0	16
ROADMAP 63
ROADMAP 64
33	0	28	34
43	14	0	14
ROADMAP 65
ROADMAP 66
19	0	18	34
ROADMAP 67
ROADMAP 68
ROADMAP 69
19	0	24	34
66	0	0	18
ROADMAP 70
24	19	0	15
ROADMAP 71
2	0	12	34
ROADMAP 72
5	0	14	34
-24	4	14	11
ROADMAP 73
ROADMAP 74
31	2	0	26
19	2	0	6
ROADMAP 75
13	7	0	27
ROADMAP 76
29	0	15	34
20	4	14	18
2	4	0	2
ROADMAP 77
54	0	1	16
ROADMAP 78
39	0	2	19
6	0	0	17
ROADMAP 79
32	0	7	34
ROADMAP 80
49	20	0	14
ROADMAP 81
54	0	7	16
77	0	0	19
ROADMAP 82
9	0	16	34
ROADMAP 83
57	11	0	9
40	11	0	14
ROADMAP 84
23	0	22	34
45	0	0	22
ROADMAP 85
33	17	0	17
ROADMAP 86
55	0	9	17
15	0	0	26
ROADMAP 87
37	0	11	34
ROADMAP 88
56	0	6	21
29	0	0	19
ROADMAP 89
ROADMAP 90
2	0	9	34
71	0	0	9
ROADMAP 91
63	0	5	34
ROADMAP 92
31	0	19	26
19	0	0	27
ROADMAP 93
41	0	17	34
60	0	0	17
ROADMAP 94
73	0	13	34
ROADMAP 95
23	10	0	24
ROADMAP 96
43	0	2	34
ROADMAP 97
ROADMAP 98
58	13	0	21
ROADMAP 99
8	0	20	34
56	12	7	11
ROADMAP 100
27	0	19	34
ROADMAP 101
98	0	9	13
58	0	0	30
ROADMAP 102
-72	6	5	4
ROADMAP 103
73	0	7	34
94	0	0	7
ROADMAP 104
7	0	7	34
ROADMAP 105
29	0	30	34
76	0	0	4
20	0	14	18
2	0	0	3
9	5	17	21
ROADMAP 106
18	0	20	34
61	0	0	20
ROADMAP 107
67	8	0	26
ROADMAP 108
7	0	19	34
104	0	0	7
37	7	11	14
ROADMAP 109
105	0	12	15
ROADMAP 110
91	0	2	5
ROADMAP 111
108	0	5	7
37	0	11	14
108	0	7	9
-82	3	5	3
ROADMAP 112
63	0	6	34
91	0	0	5
110	0	0	1
ROADMAP 113
49	0	24	34
37	19	0	5
ROADMAP 114
29	0	26	34
76	0	0	4
20	0	14	18
2	0	0	3
105	0	0	5
9	0	17	21
105	0	5	11
ROADMAP 115
ROADMAP 116
-56	0	4	-1
5	15	0	14
ROADMAP 117
11	0	13	34
ROADMAP 118
89	8	0	26
ROADMAP 119
58	0	23	34
ROADMAP 120
11	0	33	34
117	0	0	13
63	9	0	11
ROADMAP 121
56	23	19	21
29	23	0	9
ROADMAP 122
118	4	0	8
89	4	0	22
ROADMAP 123
96	0	0	2
42	8	0	22
41	8	0	2
ROADMAP 124
102	0	27	33
ROADMAP 125
14	0	8	34
ROADMAP 126
52	14	0	15
7	14	0	5
ROADMAP 127
58	0	29	34
119	0	0	23
ROADMAP 128
126	0	2	14
52	0	0	15
7	0	0	7
ROADMAP 129
9	0	33	34
82	0	0	16
39	9	0	8
ROADMAP 130
42	0	6	22
41	0	0	18
ROADMAP 131
119	0	16	23
127	0	0	6
85	10	0	11
ROADMAP 132
18	16	0	18
ROADMAP 133
116	0	10	15
5	0	0	29
ROADMAP 134
ROADMAP 135
8	0	2	34
99	0	0	2
ROADMAP 136
ROADMAP 137
13	0	18	34
95	9	0	9
ROADMAP 138
ROADMAP 139
56	0	9	21
29	0	0	22
ROADMAP 140
68	25	0	9
ROADMAP 141
10	0	24	34
26	0	0	10
50	0	0	3
55	0	0	11
ROADMAP 142
11	0	23	34
117	0	0	13
120	0	0	9
63	0	0	1
ROADMAP 143
ROADMAP 144
32	1	0	33
ROADMAP 145
3	0	4	34
48	0	0	4
ROADMAP 146
53	0	23	29
16	0	0	28
ROADMAP 147
ROADMAP 148
115	6	0	28
ROADMAP 149
66	0	5	18
69	0	0	6
ROADMAP 150
102	1	0	6
-72	1	5	4
102	1	6	32
ROADMAP 151
ROADMAP 152
4	16	11	12
ROADMAP 153
8	0	9	34
99	0	0	9
ROADMAP 154
147	1	0	33
ROADMAP 155
71	0	8	12
10	14	0	16
ROADMAP 156
59	16	0	8
27	16	0	10
ROADMAP 157
49	0	3	34
113	0	0	3
ROADMAP 158
65	4	0	30
ROADMAP 159
110	0	30	31
97	3	0	30
ROADMAP 160
2	0	21	34
71	0	0	12
155	0	0	9
ROADMAP 161
119	0	22	23
127	0	0	6
131	0	0	10
85	0	0	17
ROADMAP 162
126	13	0	14
52	13	0	7
ROADMAP 163
-99	4	15	11
-56	4	10	-1
116	4	0	15
ROADMAP 164
53	5	0	29
ROADMAP 165
53	0	4	29
16	0	0	9
ROADMAP 166
89	0	23	34
11	15	0	8
ROADMAP 167
31	0	23	26
19	0	0	31
ROADMAP 168
34	0	2	18
46	0	0	5
44	0	0	13
ROADMAP 169
11	0	14	34
117	0	0	13
120	0	0	1
ROADMAP 170
15	0	32	34
73	23	0	9
ROADMAP 171
136	0	29	34
122	7	0	4
118	7	0	8
89	7	0	10
ROADMAP 172
ROADMAP 173
69	0	1	6
149	0	0	15
ROADMAP 174
65	0	31	34
107	13	0	8
67	13	0	10
ROADMAP 175
6	0	0	34
ROADMAP 176
29	5	16	19
20	10	0	18
2	10	0	3
ROADMAP 177
132	0	6	16
18	0	0	24
ROADMAP 178
115	0	32	34
98	18	0	13
58	18	0	1
ROADMAP 179
119	0	8	23
127	0	0	6
131	0	0	10
85	0	0	3
ROADMAP 180
19	0	3	34
66	0	0	3
ROADMAP 181
83	0	5	11
57	0	0	9
40	0	0	16
29	0	7	10
ROADMAP 182
76	23	7	9
ROADMAP 183
69	0	5	6
149	0	0	15
173	0	0	14
ROADMAP 184
56	0	13	21
29	0	0	26
ROADMAP 185
35	0	2	14
51	0	0	7
ROADMAP 186
41	0	0	34
ROADMAP 187
30	0	2	3
1	0	0	33
ROADMAP 188
3	0	23	34
48	0	0	16
54	0	0	7
ROADMAP 189
44	0	7	34
ROADMAP 190
136	0	11	34
171	0	0	7
122	0	0	4
ROADMAP 191
124	0	21	28
56	0	1	11
ROADMAP 192
29	0	8	34
76	0	0	4
20	0	14	18
ROADMAP 193
98	0	9	13
58	0	0	30
ROADMAP 194
163	28	0	4
-99	28	15	13
ROADMAP 195
10	0	18	34
26	0	0	10
50	0	0	3
55	0	0	5
ROADMAP 196
33	0	7	34
64	0	0	7
ROADMAP 197
115	0	5	34
178	0	0	5
ROADMAP 198
149	0	6	15
173	0	0	14
183	0	0	4
56	6	0	1
ROADMAP 199
87	0	8	11
62	11	0	18
36	11	0	2
ROADMAP 200
182	7	0	23
76	7	7	9
182	7	23	25
ROADMAP 201
162	23	0	11
ROADMAP 202
28	6	0	28
ROADMAP 203
109	0	27	31
151	10	0	20
ROADMAP 204
1	0	31	34
25	20	0	3
17	20	0	8
ROADMAP 205
5	0	23	34
72	0	0	4
-24	0	14	11
72	0	4	11
152	5	0	4
ROADMAP 206
131	0	6	10
85	0	0	17
33	0	0	13
ROADMAP 207
127	0	3	6
131	0	0	10
85	0	0	17
33	0	0	4
ROADMAP 208
2	8	19	27
14	14	0	12
ROADMAP 209
151	0	33	34
ROADMAP 210
29	0	22	34
76	0	0	4
20	0	14	18
2	0	0	2
76	0	4	9
182	0	23	27
208	0	0	3
ROADMAP 211
66	0	5	18
69	0	0	6
149	0	0	15
ROADMAP 212
151	0	16	34
209	0	0	16
ROADMAP 213
149	0	4	15
173	0	0	14
183	0	0	4
198	0	0	5
ROADMAP 214
17	0	8	13
3	0	0	29
ROADMAP 215
51	0	4	7
185	0	0	15
154	7	0	1
147	7	0	8
ROADMAP 216
61	0	11	26
ROADMAP 217
20	0	13	18
2	0	0	29
ROADMAP 218
66	0	6	18
69	0	0	6
149	0	0	15
173	0	0	1
ROADMAP 219
102	6	3	6
202	16	0	6
28	16	0	9
ROADMAP 220
80	22	0	12
ROADMAP 221
48	0	8	16
54	0	0	16
77	0	0	10
ROADMAP 222
170	0	17	23
73	0	0	28
ROADMAP 223
49	0	20	34
113	0	0	19
37	0	0	1
ROADMAP 224
32	0	6	34
79	0	0	6
ROADMAP 225
15	0	15	34
170	0	0	15
ROADMAP 226
62	0	15	18
36	0	0	31
ROADMAP 227
63	0	17	34
91	0	0	5
110	0	0	12
ROADMAP 228
45	0	31	32
148	30	0	3
ROADMAP 229
151	0	10	34
209	0	0	10
ROADMAP 230
136	0	7	34
171	0	0	7
ROADMAP 231
49	0	23	34
113	0	0	19
37	0	0	4
ROADMAP 232
3	0	14	34
48	0	0	14
ROADMAP 233
109	0	1	31
203	0	0	4
ROADMAP 234
43	0	19	34
96	0	0	2
123	0	0	8
42	0	0	9
ROADMAP 235
10	0	8	34
26	0	0	8
ROADMAP 236
83	0	0	11
57	0	0	9
40	0	0	14
ROADMAP 237
189	0	1	7
219	10	0	6
102	10	3	6
219	10	6	15
ROADMAP 238
75	0	1	7
13	0	0	28
ROADMAP 239
9	0	2	34
82	0	0	2
ROADMAP 240
115	0	31	34
178	0	0	18
98	0	0	13
ROADMAP 241
143	0	2	34
ROADMAP 242
131	0	2	10
85	0	0	17
33	0	0	9
ROADMAP 243
121	0	3	23
56	0	19	21
29	0	0	12
ROADMAP 244
37	0	9	34
87	0	0	9
ROADMAP 245
51	0	2	7
185	0	0	15
215	0	0	7
154	0	0	1
147	0	0	6
ROADMAP 246
191	0	4	17
176	4	0	5
29	4	16	19
176	4	5	10
20	4	0	4
ROADMAP 247
19	0	14	34
66	0	0	14
ROADMAP 248
32	0	30	34
79	0	0	7
ROADMAP 249
134	0	23	34
70	10	0	13
ROADMAP 250
79	0	6	7
248	0	0	23
220	7	0	3
ROADMAP 251
116	0	3	15
5	0	0	22
ROADMAP 252
102	0	2	6
-72	0	5	4
102	0	6	33
124	0	0	2
ROADMAP 253
29	0	1	34
76	0	0	1
ROADMAP 254
58	0	10	34
119	0	0	10
ROADMAP 255
20	0	0	18
2	0	0	16
ROADMAP 256
109	0	28	31
203	0	0	10
151	0	0	21
ROADMAP 257
216	0	12	19
75	25	0	2
ROADMAP 258
12	0	8	34
35	0	0	8
ROADMAP 259
98	0	9	13
58	0	0	30
ROADMAP 260
144	15	0	1
32	15	0	18
ROADMAP 261
237	0	7	10
219	0	0	6
102	0	3	6
219	0	6	16
202	0	0	6
28	0	0	6
ROADMAP 262
44	0	3	34
189	0	0	3
ROADMAP 263
100	0	14	19
132	0	0	16
18	0	0	13
ROADMAP 264
75	0	5	7
13	0	0	32
ROADMAP 265
24	0	25	28
8	0	0	31
ROADMAP 266
73	0	20	34
94	0	0	13
156	1	0	6
ROADMAP 267
33	0	8	34
64	0	0	8
ROADMAP 268
47	10	0	24
ROADMAP 269
58	0	7	34
119	0	0	7
ROADMAP 270
257	0	22	25
75	0	0	7
13	0	0	24
ROADMAP 271
19	0	23	34
66	0	0	18
69	0	0	5
ROADMAP 272
22	0	27	34
268	12	0	10
47	12	0	5
ROADMAP 273
98	0	10	13
58	0	0	31
ROADMAP 274
55	0	9	17
15	0	0	26
ROADMAP 275
83	12	0	11
57	12	0	9
40	12	0	2
ROADMAP 276
56	0	18	21
29	0	0	31
ROADMAP 277
194	9	0	25
ROADMAP 278
119	0	7	23
127	0	0	6
131	0	0	10
85	0	0	2
ROADMAP 279
164	1	0	5
53	1	0	28
ROADMAP 280
55	0	10	17
15	0	0	27
ROADMAP 281
48	0	10	16
54	0	0	16
77	0	0	12
ROADMAP 282
98	0	8	13
58	0	0	29
ROADMAP 283
18	0	22	34
61	0	0	22
ROADMAP 284
220	0	14	22
80	0	0	20
49	0	0	6
ROADMAP 285
5	0	33	34
72	0	0	4
-24	0	14	11
72	0	4	11
205	0	0	5
152	0	0	14
ROADMAP 286
260	0	12	15
144	0	0	1
32	0	0	30
ROADMAP 287
61	0	23	26
216	0	0	19
257	0	0	12
ROADMAP 288
41	0	7	34
60	0	0	7
ROADMAP 289
205	0	4	5
152	0	0	16
4	0	11	12
152	0	16	32
ROADMAP 290
33	0	26	34
64	0	0	14
43	0	0	12
ROADMAP 291
2	0	1	34
71	0	0	1
ROADMAP 292
65	0	15	34
174	0	0	13
107	0	0	2
ROADMAP 293
228	0	6	30
148	0	0	6
115	0	0	4
ROADMAP 294
162	0	1	13
126	0	0	14
52	0	0	8
ROADMAP 295
45	0	26	32
228	0	0	28
ROADMAP 296
68	0	13	34
12	4	0	9
ROADMAP 297
151	0	1	34
209	0	0	1
ROADMAP 298
52	0	12	15
7	0	0	31
ROADMAP 299
47	0	1	24
4	0	0	11
ROADMAP 300
140	0	8	25
68	0	0	17
ROADMAP 301
36	0	24	34
38	0	0	1
22	0	0	23
ROADMAP 302
115	0	4	34
178	0	0	4
ROADMAP 303
138	4	0	30
ROADMAP 304
15	0	32	34
170	0	0	23
73	0	0	9
ROADMAP 305
43	0	17	34
96	0	0	2
123	0	0	8
42	0	0	7
ROADMAP 306
2	0	20	27
208	0	8	14
14	0	0	21
ROADMAP 307
1	0	33	34
204	0	0	20
25	0	0	3
17	0	0	10
ROADMAP 308
80	0	2	20
49	0	0	16
ROADMAP 309
199	0	4	11
62	0	0	18
36	0	0	9
ROADMAP 310
20	0	3	18
2	0	0	19
ROADMAP 311
30	0	2	3
1	0	0	33
ROADMAP 312
41	0	18	34
60	0	0	17
ROADMAP 313
40	0	19	28
9	8	0	17
ROADMAP 314
228	0	12	30
148	0	0	6
115	0	0	10
ROADMAP 315
131	0	5	10
85	0	0	17
33	0	0	12
ROADMAP 316
124	0	12	28
56	0	1	11
191	0	0	8
ROADMAP 317
260	5	0	15
144	5	0	1
32	5	0	13
ROADMAP 318
8	0	29	34
99	0	0	12
56	0	7	11
99	0	12	16
-163	0	3	-1
-194	0	27	26
ROADMAP 319
56	0	7	11
99	0	12	16
-163	0	3	-1
-194	0	27	26
318	0	0	4
200	14	0	3
ROADMAP 320
5	0	16	34
72	0	0	4
-24	0	14	11
72	0	4	11
205	0	0	2
ROADMAP 321
85	0	15	17
33	0	0	32
ROADMAP 322
27	0	8	34
100	0	0	8
ROADMAP 323
8	0	14	34
99	0	0	12
56	0	7	9
ROADMAP 324
18	0	19	34
61	0	0	19
ROADMAP 325
28	0	33	34
121	4	0	23
56	4	19	21
29	4	0	4
ROADMAP 326
152	0	6	16
4	0	11	12
152	0	16	33
ROADMAP 327
209	0	12	33
303	10	0	3
ROADMAP 328
58	0	10	34
119	0	0	10
ROADMAP 329
136	0	26	34
171	0	0	7
122	0	0	4
118	0	0	8
89	0	0	7
ROADMAP 330
5	0	18	34
72	0	0	4
-24	0	14	11
72	0	4	11
205	0	0	4
ROADMAP 331
29	0	8	34
76	0	0	4
20	0	14	18
ROADMAP 332
138	0	1	34
ROADMAP 333
205	0	4	5
152	0	0	16
4	0	11	12
152	0	16	32
ROADMAP 334
9	0	18	21
105	0	5	15
109	0	0	21
ROADMAP 335
-56	0	7	-1
116	0	0	15
5	0	0	11
ROADMAP 336
156	0	1	16
59	0	0	8
27	0	0	11
ROADMAP 337
83	0	3	11
57	0	0	9
40	0	0	16
29	0	7	8
ROADMAP 338
121	0	20	23
56	0	19	21
29	0	0	29
ROADMAP 339
132	0	7	16
18	0	0	25
ROADMAP 340
182	0	24	27
208	0	0	8
2	0	19	27
208	0	8	14
14	0	0	9
ROADMAP 341
119	0	6	23
127	0	0	6
131	0	0	10
85	0	0	1
ROADMAP 342
32	0	12	34
79	0	0	7
248	0	0	5
ROADMAP 343
41	0	11	34
60	0	0	11
ROADMAP 344
14	0	18	34
125	0	0	8
279	1	0	1
164	1	0	5
53	1	0	3
ROADMAP 345
19	0	2	34
66	0	0	2
ROADMAP 346
34	0	11	18
46	0	0	5
44	0	0	22
ROADMAP 347
272	0	2	12
268	0	0	10
47	0	0	14
ROADMAP 348
110	0	25	31
159	0	0	3
97	0	0	25
ROADMAP 349
7	0	23	34
104	0	0	7
108	0	0	7
37	0	11	14
108	0	7	9
111	0	0	3
-82	0	5	4
ROADMAP 350
69	0	5	6
149	0	0	15
173	0	0	14
183	0	0	4
ROADMAP 351
228	0	15	30
148	0	0	6
115	0	0	13
ROADMAP 352
56	0	4	21
29	0	0	17
ROADMAP 353
134	13	0	21
ROADMAP 354
65	0	0	34
ROADMAP 355
21	0	0	2
34	0	0	18
46	0	0	5
44	0	0	9
ROADMAP 356
151	0	22	34
209	0	0	22
ROADMAP 357
64	0	12	14
43	0	0	32
ROADMAP 358
100	0	15	19
132	0	0	16
18	0	0	14
ROADMAP 359
249	0	8	10
70	0	0	19
24	0	0	13
ROADMAP 360
129	0	1	9
39	0	0	19
6	0	0	7
ROADMAP 361
20	0	8	18
2	0	0	24
ROADMAP 362
56	0	1	21
29	0	0	14
ROADMAP 363
89	0	1	34
166	0	0	1
ROADMAP 364
200	0	3	7
182	0	0	23
76	0	7	9
182	0	23	28
ROADMAP 365
201	0	7	23
162	0	0	13
126	0	0	5
ROADMAP 366
23	0	19	34
45	0	0	19
ROADMAP 367
152	0	4	16
4	0	11	12
152	0	16	33
326	0	0	4
ROADMAP 368
63	0	3	34
91	0	0	3
ROADMAP 369
58	0	9	34
119	0	0	9
ROADMAP 370
111	0	22	25
277	12	0	9
194	12	0	10
ROADMAP 371
34	0	12	18
46	0	0	5
44	0	0	23
ROADMAP 372
52	0	7	15
7	0	0	26
ROADMAP 373
134	0	23	34
249	0	0	10
70	0	0	13
ROADMAP 374
126	0	2	14
52	0	0	15
7	0	0	7
ROADMAP 375
158	0	0	4
65	0	0	30
ROADMAP 376
23	0	27	34
45	0	0	27
ROADMAP 377
94	0	6	13
266	0	0	1
156	0	0	16
59	0	0	8
27	0	0	2
ROADMAP 378
208	0	6	8
2	0	19	27
208	0	8	14
14	0	0	18
ROADMAP 379
13	0	9	34
137	0	0	9
ROADMAP 380
7	0	3	34
104	0	0	3
ROADMAP 381
58	0	14	34
119	0	0	14
ROADMAP 382
44	0	24	34
189	0	0	7
237	0	0	10
219	0	0	6
102	0	3	4
ROADMAP 383
65	0	32	34
174	0	0	13
107	0	0	8
67	0	0	11
ROADMAP 384
152	0	19	33
326	0	0	6
ROADMAP 385
27	0	30	34
100	0	0	19
132	0	0	11
ROADMAP 386
34	0	4	18
46	0	0	5
44	0	0	15
ROADMAP 387
79	0	2	7
248	0	0	23
250	0	0	6
ROADMAP 388
94	0	5	13
266	0	0	1
156	0	0	16
59	0	0	8
27	0	0	1
ROADMAP 389
61	0	20	26
216	0	0	19
257	0	0	9
ROADMAP 390
257	0	23	25
75	0	0	7
13	0	0	25
ROADMAP 391
102	0	30	33
124	0	0	28
56	0	1	4
ROADMAP 392
138	0	28	34
332	0	0	1
353	16	0	11
ROADMAP 393
39	0	13	19
6	0	0	28
ROADMAP 394
152	0	3	16
4	0	11	12
152	0	16	33
326	0	0	3
ROADMAP 395
65	0	3	34
174	0	0	3
ROADMAP 396
20	0	5	18
2	0	0	21
ROADMAP 397
113	0	5	19
37	0	0	20
ROADMAP 398
140	31	0	3
ROADMAP 399
248	0	17	23
250	0	0	7
220	0	0	21
ROADMAP 400
45	0	1	32
228	0	0	3
ROADMAP 401
136	11	0	23
ROADMAP 402
24	0	24	28
8	0	0	30
ROADMAP 403
124	0	13	28
56	0	1	11
191	0	0	9
ROADMAP 404
61	0	21	26
216	0	0	19
257	0	0	10
ROADMAP 405
23	0	16	34
45	0	0	16
ROADMAP 406
22	0	25	34
272	0	0	12
268	0	0	10
47	0	0	3
ROADMAP 407
36	0	14	34
38	0	0	1
22	0	0	13
ROADMAP 408
147	0	4	34
ROADMAP 409
15	0	4	34
170	0	0	4
ROADMAP 410
4	0	8	34
ROADMAP 411
15	0	24	34
170	0	0	23
73	0	0	1
ROADMAP 412
34	0	0	18
46	0	0	5
44	0	0	11
ROADMAP 413
398	0	9	31
140	0	0	12
ROADMAP 414
176	0	4	5
29	0	16	19
176	0	5	10
20	0	0	18
2	0	0	7
ROADMAP 415
29	0	17	34
76	0	0	4
20	0	14	18
2	0	0	3
105	0	0	5
9	0	17	18
ROADMAP 416
32	0	15	34
79	0	0	7
248	0	0	8
ROADMAP 417
60	0	5	17
312	0	0	1
74	0	0	2
31	0	0	19
ROADMAP 418
174	0	3	13
107	0	0	8
67	0	0	16
ROADMAP 419
52	0	10	15
7	0	0	29
ROADMAP 420
60	0	2	17
312	0	0	1
74	0	0	2
31	0	0	16
ROADMAP 421
172	0	32	34
150	0	0	1
102	0	0	6
-72	0	5	4
102	0	6	30
ROADMAP 422
191	0	7	17
246	0	0	4
176	0	0	5
29	0	16	19
176	0	5	10
20	0	0	7
ROADMAP 423
183	0	2	4
198	0	0	6
56	0	0	21
29	0	0	5
ROADMAP 424
47	0	18	24
4	0	0	28
ROADMAP 425
82	0	12	16
129	0	0	9
39	0	0	19
6	0	0	2
ROADMAP 426
10	0	31	34
26	0	0	10
50	0	0	3
55	0	0	17
15	0	0	1
ROADMAP 427
12	0	25	34
35	0	0	14
51	0	0	7
185	0	0	4
ROADMAP 428
2	0	0	34
ROADMAP 429
61	0	5	26
216	0	0	13
ROADMAP 430
155	0	3	14
10	0	0	23
ROADMAP 431
201	5	0	23
162	5	0	6
ROADMAP 432
6	0	25	34
21	0	0	2
34	0	0	18
46	0	0	5
ROADMAP 433
43	0	29	34
96	0	0	2
123	0	0	8
42	0	0	19
ROADMAP 434
163	0	1	4
-99	0	15	11
-56	0	10	-1
116	0	0	15
5	0	0	1
ROADMAP 435
65	0	20	34
174	0	0	13
107	0	0	7
ROADMAP 436
35	0	7	14
51	0	0	7
185	0	0	15
215	0	0	5
ROADMAP 437
37	0	4	34
87	0	0	4
ROADMAP 438
29	0	30	34
76	0	0	4
20	0	14	18
2	0	0	3
105	0	0	5
9	0	17	21
105	0	5	15
ROADMAP 439
156	0	0	16
59	0	0	8
27	0	0	10
ROADMAP 440
28	0	11	34
325	0	0	4
121	0	0	7
ROADMAP 441
9	0	17	34
82	0	0	16
129	0	0	1
ROADMAP 442
24	0	1	28
8	0	0	7
ROADMAP 443
140	0	13	25
68	0	0	22
ROADMAP 444
55	0	11	17
15	0	0	28
ROADMAP 445
43	0	29	34
96	0	0	2
123	0	0	8
42	0	0	19
ROADMAP 446
29	0	5	34
76	0	0	4
20	0	14	15
ROADMAP 447
117	0	11	13
120	0	0	9
63	0	0	23
ROADMAP 448
70	0	14	19
24	0	0	28
8	0	0	1
ROADMAP 449
392	0	13	16
353	0	0	13
134	0	0	18
ROADMAP 450
54	0	9	16
77	0	0	19
81	0	0	6
ROADMAP 451
170	0	19	23
73	0	0	30
ROADMAP 452
189	0	1	7
237	0	0	10
219	0	0	6
102	0	3	6
219	0	6	15
ROADMAP 453
100	0	4	19
132	0	0	16
18	0	0	3
ROADMAP 454
97	0	19	34
143	16	0	3
ROADMAP 455
41	0	11	34
60	0	0	11
ROADMAP 456
119	0	6	23
127	0	0	6
131	0	0	10
85	0	0	1
ROADMAP 457
173	0	3	14
183	0	0	4
198	0	0	6
56	0	0	13
ROADMAP 458
152	0	12	16
4	0	11	12
152	0	16	33
326	0	0	6
384	0	0	6
ROADMAP 459
7	0	1	34
104	0	0	1
ROADMAP 460
370	0	3	12
277	0	0	9
194	0	0	16
ROADMAP 461
162	0	2	13
126	0	0	14
52	0	0	9
ROADMAP 462
55	0	3	17
15	0	0	20
ROADMAP 463
5	0	17	34
72	0	0	4
-24	0	14	11
72	0	4	11
205	0	0	3
ROADMAP 464
9	0	20	21
105	0	5	15
109	0	0	23
ROADMAP 465
102	0	6	33
124	0	0	7
ROADMAP 466
272	0	5	12
268	0	0	10
47	0	0	17
ROADMAP 467
62	0	14	18
36	0	0	30
ROADMAP 468
89	0	13	34
166	0	0	13
ROADMAP 469
27	0	27	34
100	0	0	19
132	0	0	8
ROADMAP 470
3	0	0	34
ROADMAP 471
24	0	5	28
8	0	0	11
ROADMAP 472
220	0	17	22
80	0	0	20
49	0	0	9
ROADMAP 473
18	0	12	34
61	0	0	12
ROADMAP 474
20	0	17	18
2	0	0	33
ROADMAP 475
209	0	22	33
327	0	0	10
303	0	0	4
138	0	0	9
ROADMAP 476
4	0	15	34
410	0	0	8
431	2	0	5
ROADMAP 477
183	0	3	4
198	0	0	6
56	0	0	21
29	0	0	6
ROADMAP 478
49	0	14	34
113	0	0	14
ROADMAP 479
58	0	6	34
119	0	0	6
ROADMAP 480
63	0	9	34
91	0	0	5
110	0	0	4
ROADMAP 481
80	0	5	20
49	0	0	19
ROADMAP 482
178	0	13	18
98	0	0	13
58	0	0	16
ROADMAP 483
219	0	7	16
202	0	0	6
28	0	0	19
ROADMAP 484
152	0	10	16
4	0	11	12
152	0	16	33
326	0	0	6
384	0	0	4
ROADMAP 485
33	0	3	34
64	0	0	3
ROADMAP 486
37	0	23	34
87	0	0	11
199	0	0	11
62	0	0	1
ROADMAP 487
319	0	4	14
200	0	0	7
182	0	0	17
ROADMAP 488
203	0	6	10
151	0	0	30
ROADMAP 489
204	0	15	20
25	0	0	3
17	0	0	13
3	0	0	13
ROADMAP 490
147	0	18	34
408	0	0	4
ROADMAP 491
454	0	8	16
143	0	0	26
ROADMAP 492
97	0	0	34
ROADMAP 493
198	0	1	6
56	0	0	21
29	0	0	8
ROADMAP 494
17	0	5	13
3	0	0	26
ROADMAP 495
123	0	5	8
42	0	0	22
41	0	0	9
ROADMAP 496
26	0	5	10
50	0	0	3
55	0	0	17
15	0	0	9
ROADMAP 497
70	0	9	19
24	0	0	24
ROADMAP 498
7	0	9	34
104	0	0	7
108	0	0	2
ROADMAP 499
97	0	4	34
454	0	0	4
ROADMAP 500
5	0	1	34
72	0	0	1
ROADMAP 501
172	0	4	34
150	0	0	1
102	0	0	3
ROADMAP 502
33	0	13	34
64	0	0	13
ROADMAP 503
143	0	11	34
241	0	0	2
ROADMAP 504
68	0	30	34
296	0	0	4
12	0	0	26
ROADMAP 505
59	0	6	8
27	0	0	32
ROADMAP 506
40	0	12	16
29	0	7	13
40	0	16	28
313	0	0	8
9	0	0	4
ROADMAP 507
209	0	14	33
327	0	0	10
303	0	0	4
138	0	0	1
ROADMAP 508
204	0	7	20
25	0	0	3
17	0	0	13
3	0	0	5
ROADMAP 509
151	0	22	34
209	0	0	22
ROADMAP 510
319	0	12	14
200	0	0	7
182	0	0	23
76	0	7	9
ROADMAP 511
80	0	14	20
49	0	0	28
ROADMAP 512
303	0	2	4
138	0	0	32
ROADMAP 513
58	0	10	34
119	0	0	10
ROADMAP 514
67	0	9	34
401	2	0	7
ROADMAP 515
102	0	0	6
-72	0	5	4
102	0	6	33
ROADMAP 516
15	0	32	34
170	0	0	23
73	0	0	9
ROADMAP 517
48	0	10	16
54	0	0	16
77	0	0	12
ROADMAP 518
147	0	24	34
408	0	0	4
490	0	0	14
158	0	0	4
65	0	0	2
ROADMAP 519
95	0	8	10
23	0	0	32
ROADMAP 520
14	0	19	34
125	0	0	8
344	0	0	1
279	0	0	1
164	0	0	5
53	0	0	4
ROADMAP 521
170	0	19	23
73	0	0	30
ROADMAP 522
113	0	15	19
37	0	0	30
ROADMAP 523
107	0	5	8
67	0	0	31
ROADMAP 524
55	0	9	17
15	0	0	26
ROADMAP 525
102	0	2	6
-72	0	5	4
102	0	6	33
124	0	0	2
ROADMAP 526
431	0	2	5
201	0	0	23
162	0	0	8
ROADMAP 527
56	0	3	21
29	0	0	16
ROADMAP 528
8	0	9	34
99	0	0	9
ROADMAP 529
46	0	3	5
44	0	0	32
ROADMAP 530
62	0	4	18
36	0	0	20
ROADMAP 531
80	0	0	20
49	0	0	14
ROADMAP 532
156	0	14	16
59	0	0	8
27	0	0	24
ROADMAP 533
132	0	5	16
18	0	0	23
ROADMAP 534
147	0	7	34
408	0	0	4
490	0	0	3
ROADMAP 535
37	0	8	34
87	0	0	8
ROADMAP 536
58	0	4	34
119	0	0	4
ROADMAP 537
115	0	22	34
178	0	0	18
98	0	0	4
ROADMAP 538
125	0	0	8
344	0	0	1
279	0	0	1
164	0	0	5
53	0	0	19
ROADMAP 539
33	0	25	34
64	0	0	14
43	0	0	11
ROADMAP 540
7	0	8	34
104	0	0	7
108	0	0	1
ROADMAP 541
70	0	3	19
24	0	0	18
ROADMAP 542
24	0	2	28
8	0	0	8
ROADMAP 543
182	0	16	23
76	0	7	9
182	0	23	32
105	4	13	14
317	5	0	5
260	5	0	5
ROADMAP 544
272	0	4	12
268	0	0	10
47	0	0	16
ROADMAP 545
189	0	6	7
237	0	0	10
219	0	0	6
102	0	3	6
219	0	6	16
202	0	0	4
ROADMAP 546
8	0	28	34
99	0	0	12
56	0	7	11
99	0	12	16
-163	0	3	-1
-194	0	27	26
318	0	0	3
ROADMAP 547
13	0	33	34
137	0	0	9
95	0	0	10
23	0	0	14
ROADMAP 548
76	0	3	4
20	0	14	18
2	0	0	2
76	0	4	9
182	0	23	27
208	0	0	8
2	0	19	27
208	0	8	10
ROADMAP 549
172	0	11	34
150	0	0	1
102	0	0	6
-72	0	5	4
102	0	6	9
ROADMAP 550
20	0	10	18
2	0	0	26
ROADMAP 551
77	0	1	19
81	0	0	6
450	0	0	2
ROADMAP 552
200	0	3	7
182	0	0	23
76	0	7	9
182	0	23	28
ROADMAP 553
410	0	3	8
476	0	0	2
431	0	0	5
201	0	0	22
ROADMAP 554
392	0	13	16
353	0	0	13
134	0	0	18
ROADMAP 555
151	0	0	34
ROADMAP 556
178	0	4	18
98	0	0	13
58	0	0	7
ROADMAP 557
14	0	17	34
125	0	0	8
344	0	0	1
279	0	0	1
164	0	0	5
53	0	0	2
ROADMAP 558
182	0	3	23
76	0	7	9
182	0	23	32
543	0	0	3
ROADMAP 559
136	0	4	34
171	0	0	4
ROADMAP 560
7	0	5	34
104	0	0	5
ROADMAP 561
454	0	2	16
143	0	0	20
ROADMAP 562
1	0	6	34
204	0	0	6
ROADMAP 563
115	0	1	34
178	0	0	1
ROADMAP 564
156	0	2	16
59	0	0	8
27	0	0	12
ROADMAP 565
53	0	1	29
16	0	0	6
ROADMAP 566
1	0	1	34
204	0	0	1
ROADMAP 567
143	0	31	34
241	0	0	2
503	0	0	9
172	0	0	20
ROADMAP 568
313	0	3	8
9	0	0	29
ROADMAP 569
216	0	16	19
257	0	0	25
75	0	0	6
ROADMAP 570
431	0	0	5
201	0	0	23
162	0	0	6
ROADMAP 571
16	0	31	34
30	0	0	3
1	0	0	28
ROADMAP 572
125	0	5	8
344	0	0	1
279	0	0	1
164	0	0	5
53	0	0	24
ROADMAP 573
29	0	6	34
76	0	0	4
20	0	14	16
ROADMAP 574
32	0	14	34
79	0	0	7
248	0	0	7
ROADMAP 575
172	0	5	34
150	0	0	1
102	0	0	4
ROADMAP 576
44	0	11	34
189	0	0	7
237	0	0	4
ROADMAP 577
41	0	29	34
60	0	0	17
312	0	0	1
74	0	0	2
31	0	0	9
ROADMAP 578
49	0	2	34
113	0	0	2
ROADMAP 579
370	0	4	12
277	0	0	9
194	0	0	17
ROADMAP 580
248	0	8	23
250	0	0	7
220	0	0	12
ROADMAP 581
-56	0	8	-1
116	0	0	15
5	0	0	10
ROADMAP 582
117	0	4	13
120	0	0	9
63	0	0	16
ROADMAP 583
66	0	10	18
69	0	0	6
149	0	0	15
173	0	0	5
ROADMAP 584
172	0	3	34
150	0	0	1
102	0	0	2
ROADMAP 585
53	0	1	29
16	0	0	6
ROADMAP 586
11	0	21	34
117	0	0	13
120	0	0	8
ROADMAP 587
313	0	6	8
9	0	0	32
ROADMAP 588
209	0	27	33
327	0	0	10
303	0	0	4
138	0	0	14
ROADMAP 589
56	0	12	21
29	0	0	25
ROADMAP 590
26	0	0	10
50	0	0	3
55	0	0	17
15	0	0	4
ROADMAP 591
23	0	32	34
45	0	0	32
ROADMAP 592
149	0	1	15
173	0	0	14
183	0	0	4
198	0	0	2
ROADMAP 593
61	0	7	26
216	0	0	15
ROADMAP 594
42	0	5	22
41	0	0	17
ROADMAP 595
73	0	27	34
94	0	0	13
266	0	0	1
156	0	0	13
ROADMAP 596
392	0	12	16
353	0	0	13
134	0	0	17
ROADMAP 597
66	0	5	18
69	0	0	6
149	0	0	15
ROADMAP 598
152	0	5	16
4	0	11	12
152	0	16	33
326	0	0	5
ROADMAP 599
58	0	10	34
119	0	0	10
ROADMAP 600
16	0	28	34
30	0	0	3
1	0	0	25
ROADMAP 601
117	0	9	13
120	0	0	9
63	0	0	21
ROADMAP 602
3	0	25	34
48	0	0	16
54	0	0	9
ROADMAP 603
39	0	4	19
6	0	0	19
ROADMAP 604
18	0	17	34
61	0	0	17
ROADMAP 605
313	0	4	8
9	0	0	30
ROADMAP 606
125	0	5	8
344	0	0	1
279	0	0	1
164	0	0	5
53	0	0	24
ROADMAP 607
47	0	11	24
4	0	0	21
ROADMAP 608
4	0	20	34
410	0	0	8
476	0	0	2
431	0	0	5
201	0	0	5
ROADMAP 609
64	0	3	14
43	0	0	23
ROADMAP 610
53	0	26	29
16	0	0	31
ROADMAP 611
131	0	7	10
85	0	0	17
33	0	0	14
ROADMAP 612
147	0	13	34
408	0	0	4
490	0	0	9
ROADMAP 613
219	0	0	6
102	0	3	6
219	0	6	16
202	0	0	6
28	0	0	9
ROADMAP 614
319	0	0	14
200	0	0	7
182	0	0	13
ROADMAP 615
77	0	18	19
81	0	0	6
450	0	0	2
551	0	0	8
398	2	0	15
ROADMAP 616
185	0	1	15
215	0	0	7
154	0	0	1
147	0	0	12
ROADMAP 617
29	0	19	34
76	0	0	4
20	0	14	18
2	0	0	3
105	0	0	5
9	0	17	20
ROADMAP 618
33	0	15	34
64	0	0	14
43	0	0	1
ROADMAP 619
65	0	13	34
174	0	0	13
ROADMAP 620
248	0	4	23
250	0	0	7
220	0	0	8
ROADMAP 621
98	0	0	13
58	0	0	21
ROADMAP 622
99	0	3	12
56	0	7	11
99	0	12	16
-163	0	3	-1
-194	0	27	26
318	0	0	4
319	0	0	8
ROADMAP 623
14	0	27	34
125	0	0	8
344	0	0	1
279	0	0	1
164	0	0	5
53	0	0	12
ROADMAP 624
194	0	14	28
163	0	0	4
-99	0	15	11
-56	0	10	-1
116	0	0	1
ROADMAP 625
53	0	8	29
16	0	0	13
ROADMAP 626
353	0	0	13
134	0	0	21
ROADMAP 627
47	0	19	24
4	0	0	29
ROADMAP 628
44	0	7	34
189	0	0	7
ROADMAP 629
64	0	2	14
43	0	0	22
ROADMAP 630
98	0	11	13
58	0	0	32
ROADMAP 631
100	0	4	19
132	0	0	16
18	0	0	3
ROADMAP 632
85	0	14	17
33	0	0	31
ROADMAP 633
54	0	5	16
77	0	0	19
81	0	0	4
ROADMAP 634
57	0	5	9
40	0	0	16
29	0	7	13
40	0	16	24
ROADMAP 635
1	0	29	34
204	0	0	20
25	0	0	3
17	0	0	6
ROADMAP 636
24	0	8	28
8	0	0	14
ROADMAP 637
66	0	9	18
69	0	0	6
149	0	0	15
173	0	0	4
ROADMAP 638
57	0	0	9
40	0	0	16
29	0	7	13
40	0	16	19
ROADMAP 639
1	0	33	34
204	0	0	20
25	0	0	3
17	0	0	10
ROADMAP 640
-82	0	5	3
111	0	3	25
370	0	0	10
ROADMAP 641
52	0	10	15
7	0	0	29
ROADMAP 642
49	0	3	34
113	0	0	3
ROADMAP 643
24	0	14	28
8	0	0	20
ROADMAP 644
39	0	7	19
6	0	0	22
ROADMAP 645
138	0	18	34
332	0	0	1
392	0	0	16
353	0	0	1
ROADMAP 646
11	0	14	34
117	0	0	13
120	0	0	1
ROADMAP 647
121	0	22	23
56	0	19	21
29	0	0	31
ROADMAP 648
109	0	22	31
203	0	0	10
151	0	0	15
ROADMAP 649
303	0	2	4
138	0	0	32
ROADMAP 650
67	0	3	34
514	0	0	2
401	0	0	1
ROADMAP 651
140	0	17	25
68	0	0	26
ROADMAP 652
1	0	30	34
204	0	0	20
25	0	0	3
17	0	0	7
ROADMAP 653
15	0	8	34
170	0	0	8
ROADMAP 654
4	0	21	34
410	0	0	8
476	0	0	2
431	0	0	5
201	0	0	6
ROADMAP 655
68	0	33	34
296	0	0	4
12	0	0	29
ROADMAP 656
19	0	27	34
66	0	0	18
69	0	0	6
149	0	0	3
ROADMAP 657
216	0	13	19
257	0	0	25
75	0	0	3
ROADMAP 658
319	0	8	14
200	0	0	7
182	0	0	21
ROADMAP 659
15	0	8	34
170	0	0	8
ROADMAP 660
79	0	1	7
248	0	0	23
250	0	0	5
ROADMAP 661
119	0	17	23
127	0	0	6
131	0	0	10
85	0	0	12
ROADMAP 662
138	0	30	34
332	0	0	1
392	0	0	16
353	0	0	13
ROADMAP 663
219	0	1	6
102	0	3	6
219	0	6	16
202	0	0	6
28	0	0	10
ROADMAP 664
89	0	26	34
166	0	0	15
11	0	0	11
ROADMAP 665
151	0	2	34
209	0	0	2
ROADMAP 666
27	0	27	34
100	0	0	19
132	0	0	8
ROADMAP 667
32	0	8	34
79	0	0	7
248	0	0	1
ROADMAP 668
327	0	2	10
303	0	0	4
138	0	0	22
ROADMAP 669
182	0	24	32
543	0	0	4
105	0	13	14
543	0	4	5
317	0	0	5
260	0	0	15
ROADMAP 670
27	0	5	34
100	0	0	5
ROADMAP 671
28	0	19	34
325	0	0	4
121	0	0	15
ROADMAP 672
296	0	0	4
12	0	0	30
ROADMAP 673
147	0	7	34
408	0	0	4
490	0	0	3
ROADMAP 674
170	0	12	23
73	0	0	23
ROADMAP 675
115	0	28	34
178	0	0	18
98	0	0	10
ROADMAP 676
140	0	21	25
68	0	0	30
ROADMAP 677
318	0	3	4
319	0	0	14
200	0	0	7
182	0	0	12
ROADMAP 678
11	0	22	34
117	0	0	13
120	0	0	9
ROADMAP 679
-56	0	7	-1
116	0	0	15
5	0	0	11
ROADMAP 680
228	0	9	30
148	0	0	6
115	0	0	7
ROADMAP 681
178	0	17	18
98	0	0	13
58	0	0	20
ROADMAP 682
5	0	26	34
72	0	0	4
-24	0	14	11
72	0	4	11
205	0	0	5
152	0	0	7
ROADMAP 683
327	0	2	10
303	0	0	4
138	0	0	22
ROADMAP 684
136	0	17	34
171	0	0	7
122	0	0	4
118	0	0	6
ROADMAP 685
1	0	30	34
204	0	0	20
25	0	0	3
17	0	0	7
ROADMAP 686
82	0	2	16
129	0	0	9
39	0	0	11
ROADMAP 687
51	0	5	7
185	0	0	15
215	0	0	7
154	0	0	1
147	0	0	9
ROADMAP 688
67	0	9	34
514	0	0	2
401	0	0	7
ROADMAP 689
39	0	5	19
6	0	0	20
ROADMAP 690
19	0	28	34
66	0	0	18
69	0	0	6
149	0	0	4
ROADMAP 691
176	0	3	5
29	0	16	19
176	0	5	10
20	0	0	18
2	0	0	6
ROADMAP 692
228	0	26	30
148	0	0	6
115	0	0	24
ROADMAP 693
275	0	3	12
83	0	0	11
57	0	0	9
40	0	0	5
ROADMAP 694
3	0	33	34
48	0	0	16
54	0	0	16
77	0	0	1
ROADMAP 695
43	0	13	34
96	0	0	2
123	0	0	8
42	0	0	3
ROADMAP 696
20	0	15	18
2	0	0	3
105	0	0	5
9	0	17	21
105	0	5	15
109	0	0	9
ROADMAP 697
32	0	6	34
79	0	0	6
ROADMAP 698
53	0	16	29
16	0	0	21
ROADMAP 699
56	0	19	21
29	0	0	32
ROADMAP 700
27	0	19	34
100	0	0	19
ROADMAP 701
31	0	17	26
19	0	0	25
ROADMAP 702
13	0	14	34
137	0	0	9
95	0	0	5
ROADMAP 703
209	0	13	33
327	0	0	10
303	0	0	4
ROADMAP 704
166	0	2	15
11	0	0	21
ROADMAP 705
55	0	11	17
15	0	0	28
ROADMAP 706
48	0	2	16
54	0	0	16
77	0	0	4
ROADMAP 707
111	0	10	25
370	0	0	12
277	0	0	7
ROADMAP 708
119	0	7	23
127	0	0	6
131	0	0	10
85	0	0	2
ROADMAP 709
143	0	16	34
241	0	0	2
503	0	0	9
172	0	0	5
ROADMAP 710
18	0	7	34
61	0	0	7
ROADMAP 711
22	0	21	34
272	0	0	12
268	0	0	9
ROADMAP 712
11	0	21	34
117	0	0	13
120	0	0	8
ROADMAP 713
248	0	11	23
250	0	0	7
220	0	0	15
ROADMAP 714
178	0	3	18
98	0	0	13
58	0	0	6
ROADMAP 715
12	0	26	34
35	0	0	14
51	0	0	7
185	0	0	5
ROADMAP 716
201	0	21	23
162	0	0	13
126	0	0	14
52	0	0	5
ROADMAP 717
33	0	33	34
64	0	0	14
43	0	0	19
ROADMAP 718
110	0	13	31
159	0	0	3
97	0	0	13
ROADMAP 719
119	0	18	23
127	0	0	6
131	0	0	10
85	0	0	13
ROADMAP 720
35	0	13	14
51	0	0	7
185	0	0	15
215	0	0	7
154	0	0	1
147	0	0	3
ROADMAP 721
37	0	21	34
87	0	0	11
199	0	0	10
ROADMAP 722
104	0	0	7
108	0	0	7
37	0	11	14
108	0	7	9
111	0	0	3
-82	0	5	3
111	0	3	13
ROADMAP 723
194	0	22	28
163	0	0	4
-99	0	15	11
-56	0	10	-1
116	0	0	9
ROADMAP 724
143	0	32	34
241	0	0	2
503	0	0	9
172	0	0	21
ROADMAP 725
170	0	10	23
73	0	0	21
ROADMAP 726
20	0	5	18
2	0	0	21
ROADMAP 727
29	0	17	34
76	0	0	4
20	0	14	18
2	0	0	3
105	0	0	5
9	0	17	18
ROADMAP 728
277	0	1	9
194	0	0	26
ROADMAP 729
100	0	6	19
132	0	0	16
18	0	0	5
ROADMAP 730
115	0	8	34
178	0	0	8
ROADMAP 731
268	0	3	10
47	0	0	24
4	0	0	3
ROADMAP 732
97	0	17	34
454	0	0	16
143	0	0	1
ROADMAP 733
40	0	15	16
29	0	7	13
40	0	16	28
313	0	0	8
9	0	0	7
ROADMAP 734
454	0	7	16
143	0	0	25
ROADMAP 735
140	0	21	25
68	0	0	30
ROADMAP 736
12	0	9	34
35	0	0	9
ROADMAP 737
24	0	25	28
8	0	0	31
ROADMAP 738
45	0	20	32
228	0	0	22
ROADMAP 739
102	0	3	6
-72	0	5	4
102	0	6	33
124	0	0	3
ROADMAP 740
209	0	7	33
327	0	0	8
ROADMAP 741
27	0	14	34
100	0	0	14
ROADMAP 742
14	0	29	34
125	0	0	8
344	0	0	1
279	0	0	1
164	0	0	5
53	0	0	14
ROADMAP 743
189	0	4	7
237	0	0	10
219	0	0	6
102	0	3	6
219	0	6	16
202	0	0	2
ROADMAP 744
45	0	27	32
228	0	0	29
ROADMAP 745
40	0	17	28
313	0	0	8
9	0	0	15
ROADMAP 746
19	0	22	34
66	0	0	18
69	0	0	4
ROADMAP 747
3	0	4	34
48	0	0	4
ROADMAP 748
97	0	26	34
454	0	0	16
143	0	0	10
ROADMAP 749
162	0	4	13
126	0	0	14
52	0	0	11
ROADMAP 750
49	0	21	34
113	0	0	19
37	0	0	2
ROADMAP 751
57	0	1	9
40	0	0	16
29	0	7	13
40	0	16	20
ROADMAP 752
123	0	4	8
42	0	0	22
41	0	0	8
ROADMAP 753
81	0	5	6
450	0	0	2
551	0	0	8
615	0	0	2
398	0	0	21
ROADMAP 754
490	0	8	14
158	0	0	4
65	0	0	24
ROADMAP 755
37	0	13	14
108	0	7	9
111	0	0	3
-82	0	5	3
111	0	3	25
370	0	0	4
ROADMAP 756
14	0	29	34
125	0	0	8
344	0	0	1
279	0	0	1
164	0	0	5
53	0	0	14
ROADMAP 757
12	0	27	34
35	0	0	14
51	0	0	7
185	0	0	6
ROADMAP 758
-163	0	0	-1
-194	0	27	26
318	0	0	4
319	0	0	14
200	0	0	7
182	0	0	7
ROADMAP 759
143	0	33	34
241	0	0	2
503	0	0	9
172	0	0	22
ROADMAP 760
37	0	6	34
87	0	0	6
ROADMAP 761
70	0	16	19
24	0	0	28
8	0	0	3
ROADMAP 762
149	0	1	15
173	0	0	14
183	0	0	4
198	0	0	2
ROADMAP 763
14	0	3	34
125	0	0	3
ROADMAP 764
172	0	13	34
150	0	0	1
102	0	0	6
-72	0	5	4
102	0	6	11
ROADMAP 765
392	0	11	16
353	0	0	13
134	0	0	16
ROADMAP 766
17	0	10	13
3	0	0	31
ROADMAP 767
32	0	33	34
79	0	0	7
248	0	0	23
250	0	0	3
ROADMAP 768
124	0	8	28
56	0	1	11
191	0	0	4
ROADMAP 769
19	0	6	34
66	0	0	6
ROADMAP 770
67	0	15	34
514	0	0	2
401	0	0	11
136	0	0	2
ROADMAP 771
47	0	5	24
4	0	0	15
ROADMAP 772
14	0	15	34
125	0	0	8
344	0	0	1
279	0	0	1
164	0	0	5
ROADMAP 773
152	0	31	33
326	0	0	6
384	0	0	14
ROADMAP 774
77	0	13	19
81	0	0	6
450	0	0	2
551	0	0	8
615	0	0	2
398	0	0	10
ROADMAP 775
8	0	18	34
99	0	0	12
56	0	7	11
99	0	12	14
ROADMAP 776
40	0	25	28
313	0	0	8
9	0	0	23
ROADMAP 777
64	0	4	14
43	0	0	24
ROADMAP 778
110	0	26	31
159	0	0	3
97	0	0	26
ROADMAP 779
124	0	6	28
56	0	1	11
191	0	0	2
ROADMAP 780
398	0	28	31
140	0	0	25
68	0	0	6
