102	0	29	1
ROADMAP 1
ROADMAP 2
ROADMAP 3
ROADMAP 4
2	42	0	30
ROADMAP 5
3	21	6	57
ROADMAP 6
ROADMAP 7
5	0	5	21
3	0	6	62
ROADMAP 8
ROADMAP 9
5	27	0	21
3	27	6	30
ROADMAP 10
1	60	0	12
ROADMAP 11
6	0	11	72
ROADMAP 12
10	20	0	52
ROADMAP 13
12	39	0	20
10	39	0	13
ROADMAP 14
ROADMAP 15
1	0	16	72
ROADMAP 16
12	0	9	20
10	0	0	12
10	29	41	60
1	29	0	1
ROADMAP 17
14	0	22	72
ROADMAP 18
14	0	54	72
17	0	0	22
ROADMAP 19
9	9	0	27
5	9	0	21
3	9	6	21
ROADMAP 20
4	26	0	42
2	26	0	4
ROADMAP 21
12	0	8	20
10	0	0	60
ROADMAP 22
13	22	0	39
12	22	0	11
ROADMAP 23
8	0	28	72
ROADMAP 24
6	0	27	72
11	0	0	11
ROADMAP 25
2	0	61	72
ROADMAP 26
20	13	0	26
4	13	0	33
ROADMAP 27
22	7	0	22
13	7	0	39
12	7	0	4
ROADMAP 28
14	0	58	72
17	0	0	22
18	0	0	32
ROADMAP 29
6	0	23	72
11	0	0	11
24	0	0	12
ROADMAP 30
22	0	15	22
13	0	0	39
12	0	0	20
10	0	0	6
ROADMAP 31
22	0	14	22
13	0	0	39
12	0	0	20
10	0	0	5
ROADMAP 32
3	12	0	60
ROADMAP 33
20	0	9	26
4	0	0	42
2	0	0	13
ROADMAP 34
10	0	4	60
1	0	0	16
ROADMAP 35
25	0	11	61
6	15	0	7
ROADMAP 36
35	0	10	15
6	0	0	67
ROADMAP 37
26	0	8	13
20	0	0	26
4	0	0	41
ROADMAP 38
14	0	49	72
17	0	0	22
18	0	0	27
ROADMAP 39
14	0	11	72
17	0	0	11
ROADMAP 40
4	9	21	42
2	9	0	42
ROADMAP 41
22	0	17	22
13	0	0	39
12	0	0	20
10	0	0	8
ROADMAP 42
8	42	0	30
ROADMAP 43
23	0	0	13
27	36	0	7
22	36	0	16
ROADMAP 44
42	28	38	42
8	28	0	40
ROADMAP 45
14	0	44	72
17	0	0	22
18	0	0	22
ROADMAP 46
26	11	0	13
20	11	0	26
4	11	0	22
ROADMAP 47
19	41	0	9
9	41	0	19
ROADMAP 48
43	0	3	36
27	0	0	7
22	0	0	22
13	0	0	10
ROADMAP 49
2	0	13	72
25	0	0	13
ROADMAP 50
8	0	7	72
23	0	0	7
ROADMAP 51
2	0	39	72
25	0	0	39
ROADMAP 52
18	0	3	32
28	0	0	4
42	34	0	5
ROADMAP 53
4	0	41	42
2	0	0	69
ROADMAP 54
10	0	52	60
1	0	0	64
ROADMAP 55
11	0	3	11
24	0	0	16
47	17	40	41
19	17	0	9
9	17	0	21
ROADMAP 56
2	0	6	72
25	0	0	6
ROADMAP 57
55	0	8	17
47	0	40	41
19	0	0	9
9	0	0	27
5	0	0	21
3	0	6	11
ROADMAP 58
2	0	64	72
25	0	0	61
35	0	0	3
ROADMAP 59
52	0	31	34
42	0	0	42
8	0	0	27
ROADMAP 60
20	0	22	26
4	0	0	42
2	0	0	26
ROADMAP 61
13	0	3	39
12	0	0	20
10	0	0	16
ROADMAP 62
6	0	66	72
11	0	0	11
24	0	0	16
55	0	0	17
47	0	40	41
19	0	0	9
9	0	0	12
ROADMAP 63
52	0	20	34
42	0	0	42
8	0	0	16
ROADMAP 64
22	0	8	22
13	0	0	39
12	0	0	8
ROADMAP 65
46	5	0	11
26	5	0	13
20	5	0	26
4	5	0	17
ROADMAP 66
55	0	11	17
47	0	40	41
19	0	0	9
9	0	0	27
5	0	0	21
3	0	6	14
ROADMAP 67
6	0	23	72
11	0	0	11
24	0	0	12
ROADMAP 68
14	0	35	68
18	29	3	7
ROADMAP 69
25	0	33	61
35	0	0	15
6	0	0	29
ROADMAP 70
18	0	28	32
28	0	0	4
52	0	0	34
42	0	0	30
ROADMAP 71
12	9	7	20
10	9	0	5
10	38	34	50
ROADMAP 72
25	0	13	61
35	0	0	15
6	0	0	9
ROADMAP 73
26	0	4	13
20	0	0	26
4	0	0	37
ROADMAP 74
23	0	1	13
43	0	0	36
27	0	0	7
22	0	0	17
ROADMAP 75
1	12	68	72
15	12	0	16
65	15	0	5
46	15	0	11
26	15	0	13
20	15	0	8
ROADMAP 76
4	0	18	42
2	0	0	48
ROADMAP 77
12	0	3	20
10	0	0	55
ROADMAP 78
43	0	17	36
27	0	0	7
22	0	0	22
13	0	0	24
ROADMAP 79
14	0	34	72
17	0	0	22
18	0	0	12
ROADMAP 80
11	0	5	11
24	0	0	16
55	0	0	17
47	0	40	41
19	0	0	9
9	0	0	23
ROADMAP 81
2	0	34	72
25	0	0	34
ROADMAP 82
10	0	24	60
1	0	0	36
ROADMAP 83
46	0	4	11
26	0	0	13
20	0	0	26
4	0	0	26
ROADMAP 84
1	0	34	72
15	0	0	16
75	0	12	15
65	0	0	5
46	0	0	10
ROADMAP 85
12	8	11	20
10	8	0	55
ROADMAP 86
8	0	59	72
23	0	0	13
43	0	0	36
27	0	0	7
22	0	0	3
ROADMAP 87
14	0	62	72
17	0	0	22
18	0	0	32
28	0	0	4
52	0	0	4
ROADMAP 88
5	27	9	21
3	27	6	39
ROADMAP 89
22	0	16	22
13	0	0	39
12	0	0	20
10	0	0	7
ROADMAP 90
8	0	5	72
23	0	0	5
ROADMAP 91
22	0	7	22
13	0	0	39
12	0	0	18
ROADMAP 92
10	0	27	60
1	0	0	39
ROADMAP 93
17	0	7	22
18	0	0	32
28	0	0	4
52	0	0	21
ROADMAP 94
14	0	60	72
17	0	0	22
18	0	0	32
28	0	0	4
52	0	0	2
ROADMAP 95
25	0	14	61
35	0	0	15
6	0	0	10
ROADMAP 96
23	0	5	13
43	0	0	36
27	0	0	7
22	0	0	21
ROADMAP 97
14	0	19	72
17	0	0	19
ROADMAP 98
18	16	18	32
28	16	0	4
52	16	0	34
42	16	0	4
ROADMAP 99
1	0	60	72
15	0	0	16
75	0	12	15
65	0	0	5
46	0	0	11
26	0	0	13
20	0	0	12
ROADMAP 100
4	0	14	42
2	0	0	44
ROADMAP 101
20	0	6	26
4	0	0	42
2	0	0	10
ROADMAP 102
5	0	0	21
3	0	6	57
