102	0	15	1
ROADMAP 1
ROADMAP 2
ROADMAP 3
ROADMAP 4
2	42	0	44
ROADMAP 5
3	21	6	71
ROADMAP 6
ROADMAP 7
5	0	5	21
3	0	6	76
ROADMAP 8
ROADMAP 9
5	27	0	21
3	27	6	44
ROADMAP 10
1	60	0	26
ROADMAP 11
6	0	11	86
ROADMAP 12
10	20	0	60
1	20	0	6
ROADMAP 13
12	39	0	20
10	39	0	27
ROADMAP 14
ROADMAP 15
1	0	16	86
ROADMAP 16
12	0	9	20
10	0	0	26
10	15	41	60
1	15	0	15
ROADMAP 17
14	0	22	86
ROADMAP 18
14	0	54	86
17	0	0	22
ROADMAP 19
9	9	0	27
5	9	0	21
3	9	6	35
ROADMAP 20
4	26	0	42
2	26	0	18
ROADMAP 21
12	0	8	20
10	0	0	60
1	0	0	14
ROADMAP 22
13	22	0	39
12	22	0	20
10	22	0	5
ROADMAP 23
8	0	28	86
ROADMAP 24
6	0	27	86
11	0	0	11
ROADMAP 25
2	0	61	86
ROADMAP 26
20	13	0	26
4	13	0	42
2	13	0	5
ROADMAP 27
22	7	0	22
13	7	0	39
12	7	0	18
ROADMAP 28
14	0	58	86
17	0	0	22
18	0	0	32
ROADMAP 29
6	0	23	86
11	0	0	11
24	0	0	12
ROADMAP 30
22	0	15	22
13	0	0	39
12	0	0	20
10	0	0	20
ROADMAP 31
22	0	14	22
13	0	0	39
12	0	0	20
10	0	0	19
ROADMAP 32
5	0	3	6
3	9	0	74
ROADMAP 33
20	0	9	26
4	0	0	42
2	0	0	27
ROADMAP 34
10	0	4	60
1	0	0	30
ROADMAP 35
2	0	83	86
25	0	0	61
6	1	0	21
ROADMAP 36
25	0	57	61
35	0	0	1
6	0	0	81
ROADMAP 37
26	0	8	13
20	0	0	26
4	0	0	42
2	0	0	13
ROADMAP 38
14	0	49	86
17	0	0	22
18	0	0	27
ROADMAP 39
14	0	11	86
17	0	0	11
ROADMAP 40
4	9	21	42
2	9	0	56
ROADMAP 41
22	0	17	22
13	0	0	39
12	0	0	20
10	0	0	22
ROADMAP 42
8	42	0	44
ROADMAP 43
8	0	72	86
23	0	0	13
27	22	0	7
22	22	0	22
13	22	0	8
ROADMAP 44
42	0	10	23
42	15	38	42
8	15	0	54
ROADMAP 45
14	0	44	86
17	0	0	22
18	0	0	22
ROADMAP 46
15	0	10	16
26	5	0	13
20	5	0	26
4	5	0	36
ROADMAP 47
11	15	5	11
24	15	0	4
19	31	0	9
9	31	0	27
5	31	0	6
32	31	0	3
ROADMAP 48
23	0	2	13
43	0	0	22
27	0	0	7
22	0	0	22
13	0	0	24
ROADMAP 49
2	0	13	86
25	0	0	13
ROADMAP 50
8	0	7	86
23	0	0	7
ROADMAP 51
2	0	39	86
25	0	0	39
ROADMAP 52
17	0	11	22
18	0	0	32
28	0	0	4
42	20	0	19
ROADMAP 53
4	0	41	42
2	0	0	83
ROADMAP 54
10	0	52	60
1	0	0	78
ROADMAP 55
6	0	75	86
11	0	0	11
24	0	0	16
47	3	30	31
19	3	0	9
9	3	0	27
5	3	0	8
ROADMAP 56
2	0	6	86
25	0	0	6
ROADMAP 57
24	0	10	16
55	0	0	3
47	0	30	31
19	0	0	9
9	0	0	27
5	0	0	21
3	0	6	25
ROADMAP 58
2	0	64	86
25	0	0	61
35	0	0	1
6	0	0	2
ROADMAP 59
52	0	17	20
42	0	0	42
8	0	0	41
ROADMAP 60
20	0	22	26
4	0	0	42
2	0	0	40
ROADMAP 61
13	0	3	39
12	0	0	20
10	0	0	30
ROADMAP 62
6	0	66	86
11	0	0	11
24	0	0	16
55	0	0	3
47	0	30	31
19	0	0	9
9	0	0	26
ROADMAP 63
52	0	6	20
42	0	0	42
8	0	0	30
ROADMAP 64
22	0	8	22
13	0	0	39
12	0	0	20
10	0	0	2
ROADMAP 65
15	0	5	16
46	0	0	5
26	0	0	13
20	0	0	26
4	0	0	31
ROADMAP 66
24	0	13	16
55	0	0	3
47	0	30	31
19	0	0	9
9	0	0	27
5	0	0	21
3	0	6	28
ROADMAP 67
6	0	23	86
11	0	0	11
24	0	0	12
ROADMAP 68
14	0	35	82
17	15	11	22
18	15	0	7
ROADMAP 69
25	0	19	61
35	0	0	1
6	0	0	43
ROADMAP 70
18	0	14	32
28	0	0	4
52	0	0	20
42	0	0	42
8	0	0	2
ROADMAP 71
12	9	7	20
10	9	0	19
10	24	34	60
1	24	0	4
ROADMAP 72
2	0	85	86
25	0	0	61
35	0	0	1
6	0	0	23
ROADMAP 73
26	0	4	13
20	0	0	26
4	0	0	42
2	0	0	9
ROADMAP 74
8	0	73	86
23	0	0	13
43	0	0	22
27	0	0	7
22	0	0	22
13	0	0	9
ROADMAP 75
1	12	68	86
15	12	0	16
46	12	0	5
26	12	0	13
20	12	0	22
ROADMAP 76
4	0	18	42
2	0	0	62
ROADMAP 77
12	0	3	20
10	0	0	60
1	0	0	9
ROADMAP 78
43	0	3	22
27	0	0	7
22	0	0	22
13	0	0	38
ROADMAP 79
14	0	34	86
17	0	0	22
18	0	0	12
ROADMAP 80
6	0	77	86
11	0	0	11
24	0	0	16
55	0	0	3
47	0	30	31
19	0	0	9
9	0	0	27
5	0	0	10
ROADMAP 81
2	0	34	86
25	0	0	34
ROADMAP 82
10	0	24	60
1	0	0	50
ROADMAP 83
15	0	14	16
46	0	0	5
26	0	0	13
20	0	0	26
4	0	0	40
ROADMAP 84
1	0	34	86
15	0	0	16
46	0	0	5
26	0	0	13
ROADMAP 85
12	8	11	20
10	8	0	60
1	8	0	9
ROADMAP 86
8	0	59	86
23	0	0	13
43	0	0	22
27	0	0	7
22	0	0	17
ROADMAP 87
14	0	62	86
17	0	0	22
18	0	0	32
28	0	0	4
52	0	0	4
ROADMAP 88
9	0	9	21
5	15	9	21
3	15	6	53
ROADMAP 89
22	0	16	22
13	0	0	39
12	0	0	20
10	0	0	21
ROADMAP 90
8	0	5	86
23	0	0	5
ROADMAP 91
22	0	7	22
13	0	0	39
12	0	0	20
10	0	0	12
ROADMAP 92
10	0	27	60
1	0	0	53
ROADMAP 93
14	0	79	86
17	0	0	22
18	0	0	32
28	0	0	4
52	0	0	20
42	0	0	1
ROADMAP 94
14	0	60	86
17	0	0	22
18	0	0	32
28	0	0	4
52	0	0	2
ROADMAP 95
25	0	0	61
35	0	0	1
6	0	0	24
ROADMAP 96
8	0	77	86
23	0	0	13
43	0	0	22
27	0	0	7
22	0	0	22
13	0	0	13
ROADMAP 97
14	0	19	86
17	0	0	19
ROADMAP 98
17	0	10	11
18	15	4	32
28	15	0	4
52	15	0	20
42	15	0	18
ROADMAP 99
1	0	60	86
15	0	0	16
46	0	0	5
26	0	0	13
20	0	0	26
ROADMAP 100
4	0	14	42
2	0	0	58
ROADMAP 101
20	0	6	26
4	0	0	42
2	0	0	24
ROADMAP 102
5	0	0	21
3	0	6	71
