ID	lgth	out	in	long_cov	short1_cov	short1_Ocov	short2_cov	short2_Ocov	long_nb	short1_nb	short2_nb
1	63	1	1	0.000000	18.523810	17.253968	0.000000	0.000000	0	0	0
2	39	1	2	0.000000	19.153846	18.948718	0.000000	0.000000	0	0	0
3	1	2	2	0.000000	45.000000	45.000000	0.000000	0.000000	0	0	0
4	1	2	1	0.000000	27.000000	27.000000	0.000000	0.000000	0	0	0
5	40	1	1	0.000000	13.100000	13.100000	0.000000	0.000000	0	0	0
6	18	1	2	0.000000	19.111111	11.555556	0.000000	0.000000	0	0	0
7	50	1	1	0.000000	13.220000	9.140000	0.000000	0.000000	0	0	0
8	8	2	1	0.000000	22.125000	19.125000	0.000000	0.000000	0	0	0
9	8	2	1	0.000000	20.500000	18.000000	0.000000	0.000000	0	0	0
10	25	1	1	0.000000	19.360000	19.360000	0.000000	0.000000	0	0	0
11	166	2	2	0.000000	14.295181	14.295181	0.000000	0.000000	0	0	0
12	515	1	2	0.000000	13.380583	13.056311	0.000000	0.000000	0	0	0
13	1	1	2	0.000000	14.000000	14.000000	0.000000	0.000000	0	0	0
14	2	2	2	0.000000	20.500000	20.500000	0.000000	0.000000	0	0	0
15	1	2	1	0.000000	15.000000	15.000000	0.000000	0.000000	0	0	0
16	430	1	0	0.000000	16.876744	16.125581	0.000000	0.000000	0	0	0
17	10	1	1	0.000000	4.000000	4.000000	0.000000	0.000000	0	0	0
18	11	2	2	0.000000	19.909091	19.727273	0.000000	0.000000	0	0	0
19	6	1	1	0.000000	10.333333	9.333333	0.000000	0.000000	0	0	0
20	5	2	4	0.000000	16.800000	15.800000	0.000000	0.000000	0	0	0
21	12	2	1	0.000000	16.250000	15.250000	0.000000	0.000000	0	0	0
22	6	2	1	0.000000	15.833333	15.500000	0.000000	0.000000	0	0	0
23	4	2	1	0.000000	12.750000	12.750000	0.000000	0.000000	0	0	0
24	166	1	0	0.000000	2.879518	2.879518	0.000000	0.000000	0	0	0
25	277	1	2	0.000000	14.750903	14.653430	0.000000	0.000000	0	0	0
26	466	2	0	0.000000	9.238197	8.948498	0.000000	0.000000	0	0	0
27	15	1	1	0.000000	10.933333	10.933333	0.000000	0.000000	0	0	0
28	1	1	2	0.000000	39.000000	39.000000	0.000000	0.000000	0	0	0
29	1	2	2	0.000000	47.000000	47.000000	0.000000	0.000000	0	0	0
30	2	3	2	0.000000	47.000000	47.000000	0.000000	0.000000	0	0	0
31	2	2	1	0.000000	25.500000	25.500000	0.000000	0.000000	0	0	0
32	2	2	1	0.000000	24.000000	24.000000	0.000000	0.000000	0	0	0
33	4	1	1	0.000000	9.000000	9.000000	0.000000	0.000000	0	0	0
34	17	1	2	0.000000	14.352941	13.941176	0.000000	0.000000	0	0	0
35	1	2	2	0.000000	8.000000	8.000000	0.000000	0.000000	0	0	0
36	6	1	1	0.000000	6.500000	6.500000	0.000000	0.000000	0	0	0
37	1	1	2	0.000000	11.000000	11.000000	0.000000	0.000000	0	0	0
38	1	1	2	0.000000	12.000000	12.000000	0.000000	0.000000	0	0	0
39	60	1	2	0.000000	6.100000	5.650000	0.000000	0.000000	0	0	0
40	76	1	0	0.000000	2.013158	2.013158	0.000000	0.000000	0	0	0
41	339	2	2	0.000000	6.324484	6.324484	0.000000	0.000000	0	0	0
42	3	2	2	0.000000	19.000000	19.000000	0.000000	0.000000	0	0	0
43	10	2	1	0.000000	11.200000	11.200000	0.000000	0.000000	0	0	0
44	12	1	1	0.000000	10.000000	10.000000	0.000000	0.000000	0	0	0
45	11	1	2	0.000000	8.181818	8.181818	0.000000	0.000000	0	0	0
46	3	2	2	0.000000	28.666667	23.666667	0.000000	0.000000	0	0	0
47	1	1	1	0.000000	19.000000	14.000000	0.000000	0.000000	0	0	0
48	29	1	1	0.000000	8.655172	7.862069	0.000000	0.000000	0	0	0
49	210	1	2	0.000000	12.514286	12.000000	0.000000	0.000000	0	0	0
50	15	1	2	0.000000	10.200000	10.200000	0.000000	0.000000	0	0	0
51	115	2	2	0.000000	14.973913	14.634783	0.000000	0.000000	0	0	0
52	6	2	1	0.000000	19.500000	18.666667	0.000000	0.000000	0	0	0
53	4	2	1	0.000000	20.000000	20.000000	0.000000	0.000000	0	0	0
54	27	1	1	0.000000	1.000000	1.000000	0.000000	0.000000	0	0	0
55	6	1	2	0.000000	20.666667	20.666667	0.000000	0.000000	0	0	0
56	65	1	0	0.000000	1.000000	1.000000	0.000000	0.000000	0	0	0
57	2	1	2	0.000000	3.000000	3.000000	0.000000	0.000000	0	0	0
58	3	1	2	0.000000	4.000000	4.000000	0.000000	0.000000	0	0	0
59	19	2	2	0.000000	11.052632	11.052632	0.000000	0.000000	0	0	0
60	1474	1	2	0.000000	13.717096	13.178426	0.000000	0.000000	0	0	0
61	270	1	1	0.000000	13.925926	13.307407	0.000000	0.000000	0	0	0
62	33	2	2	0.000000	16.303030	16.303030	0.000000	0.000000	0	0	0
63	4	1	1	0.000000	10.750000	10.750000	0.000000	0.000000	0	0	0
64	23	1	2	0.000000	11.086957	11.086957	0.000000	0.000000	0	0	0
65	359	1	2	0.000000	16.415042	15.576602	0.000000	0.000000	0	0	0
66	311	2	2	0.000000	17.102894	16.318328	0.000000	0.000000	0	0	0
67	27	1	1	0.000000	26.037037	20.296296	0.000000	0.000000	0	0	0
68	128	2	2	0.000000	16.101562	16.101562	0.000000	0.000000	0	0	0
69	71	1	0	0.000000	1.000000	1.000000	0.000000	0.000000	0	0	0
70	25	1	2	0.000000	8.880000	8.880000	0.000000	0.000000	0	0	0
71	546	1	2	0.000000	15.027473	13.793040	0.000000	0.000000	0	0	0
72	832	1	2	0.000000	13.899038	13.385817	0.000000	0.000000	0	0	0
73	1	3	2	0.000000	33.000000	18.000000	0.000000	0.000000	0	0	0
74	1458	0	1	0.000000	10.993827	10.582305	0.000000	0.000000	0	0	0
75	405	1	2	0.000000	18.118519	17.785185	0.000000	0.000000	0	0	0
76	15	1	2	0.000000	13.266667	9.000000	0.000000	0.000000	0	0	0
77	12	1	1	0.000000	11.333333	5.333333	0.000000	0.000000	0	0	0
78	1	2	2	0.000000	20.000000	15.000000	0.000000	0.000000	0	0	0
79	27	1	1	0.000000	18.777778	15.962963	0.000000	0.000000	0	0	0
80	32	2	1	0.000000	10.500000	9.656250	0.000000	0.000000	0	0	0
81	6	2	1	0.000000	10.333333	10.333333	0.000000	0.000000	0	0	0
82	3	1	1	0.000000	7.000000	7.000000	0.000000	0.000000	0	0	0
83	2	1	2	0.000000	24.000000	24.000000	0.000000	0.000000	0	0	0
84	1	1	1	0.000000	18.000000	18.000000	0.000000	0.000000	0	0	0
85	2	2	2	0.000000	23.000000	23.000000	0.000000	0.000000	0	0	0
86	8	2	1	0.000000	13.125000	13.125000	0.000000	0.000000	0	0	0
87	10	1	1	0.000000	7.600000	7.600000	0.000000	0.000000	0	0	0
88	5	2	2	0.000000	18.200000	17.200000	0.000000	0.000000	0	0	0
89	25	1	1	0.000000	7.920000	7.920000	0.000000	0.000000	0	0	0
90	8	3	1	0.000000	19.750000	15.375000	0.000000	0.000000	0	0	0
91	27	1	1	0.000000	1.000000	1.000000	0.000000	0.000000	0	0	0
92	26	1	2	0.000000	12.384615	12.384615	0.000000	0.000000	0	0	0
93	63	2	0	0.000000	1.015873	1.015873	0.000000	0.000000	0	0	0
94	3	1	1	0.000000	1.000000	1.000000	0.000000	0.000000	0	0	0
95	1	2	2	0.000000	6.000000	6.000000	0.000000	0.000000	0	0	0
96	1	2	3	0.000000	10.000000	10.000000	0.000000	0.000000	0	0	0
97	4	1	2	0.000000	9.000000	9.000000	0.000000	0.000000	0	0	0
98	5	2	2	0.000000	17.800000	17.000000	0.000000	0.000000	0	0	0
99	96	2	1	0.000000	9.375000	9.322917	0.000000	0.000000	0	0	0
100	620	0	2	0.000000	8.308065	8.172581	0.000000	0.000000	0	0	0
101	71	2	2	0.000000	15.211268	14.295775	0.000000	0.000000	0	0	0
102	27	1	1	0.000000	15.629630	15.185185	0.000000	0.000000	0	0	0
103	6	1	2	0.000000	21.833333	20.833333	0.000000	0.000000	0	0	0
104	4	3	2	0.000000	21.500000	20.500000	0.000000	0.000000	0	0	0
105	1	1	1	0.000000	12.000000	12.000000	0.000000	0.000000	0	0	0
106	1	1	2	0.000000	15.000000	15.000000	0.000000	0.000000	0	0	0
107	7	2	2	0.000000	73.285714	69.714286	0.000000	0.000000	0	0	0
108	1	2	2	0.000000	78.000000	3.000000	0.000000	0.000000	0	0	0
109	3	3	2	0.000000	74.666667	66.333333	0.000000	0.000000	0	0	0
110	2	1	1	0.000000	55.000000	55.000000	0.000000	0.000000	0	0	0
111	4	1	1	0.000000	14.500000	13.500000	0.000000	0.000000	0	0	0
112	2	1	1	0.000000	65.500000	48.000000	0.000000	0.000000	0	0	0
113	5	1	2	0.000000	71.400000	55.800000	0.000000	0.000000	0	0	0
114	1	1	2	0.000000	73.000000	70.000000	0.000000	0.000000	0	0	0
115	2	2	1	0.000000	21.000000	18.000000	0.000000	0.000000	0	0	0
116	78	1	1	0.000000	15.217949	14.871795	0.000000	0.000000	0	0	0
117	23	1	1	0.000000	19.478261	19.478261	0.000000	0.000000	0	0	0
118	4	1	2	0.000000	19.500000	19.500000	0.000000	0.000000	0	0	0
119	49	1	2	0.000000	19.224490	17.326531	0.000000	0.000000	0	0	0
120	88	1	2	0.000000	22.079545	21.431818	0.000000	0.000000	0	0	0
121	261	0	2	0.000000	11.616858	10.977011	0.000000	0.000000	0	0	0
122	396	0	2	0.000000	6.681818	6.477273	0.000000	0.000000	0	0	0
123	774	1	3	0.000000	18.692506	17.953488	0.000000	0.000000	0	0	0
124	373	2	2	0.000000	14.584450	14.294906	0.000000	0.000000	0	0	0
125	85	2	2	0.000000	19.941176	18.870588	0.000000	0.000000	0	0	0
126	27	1	1	0.000000	23.703704	6.481481	0.000000	0.000000	0	0	0
127	9	1	2	0.000000	14.111111	8.000000	0.000000	0.000000	0	0	0
128	3	2	2	0.000000	19.000000	19.000000	0.000000	0.000000	0	0	0
129	5	1	1	0.000000	18.000000	18.000000	0.000000	0.000000	0	0	0
130	2	2	1	0.000000	77.000000	61.000000	0.000000	0.000000	0	0	0
131	8	2	3	0.000000	70.750000	53.125000	0.000000	0.000000	0	0	0
132	3	1	1	0.000000	67.666667	50.000000	0.000000	0.000000	0	0	0
133	1	2	2	0.000000	67.000000	50.000000	0.000000	0.000000	0	0	0
134	2	1	1	0.000000	58.000000	40.500000	0.000000	0.000000	0	0	0
135	2	3	3	0.000000	71.000000	53.000000	0.000000	0.000000	0	0	0
136	135	1	2	0.000000	15.718519	14.777778	0.000000	0.000000	0	0	0
137	70	2	0	0.000000	1.085714	1.085714	0.000000	0.000000	0	0	0
138	2	1	2	0.000000	2.500000	2.500000	0.000000	0.000000	0	0	0
139	73	1	2	0.000000	11.369863	9.972603	0.000000	0.000000	0	0	0
140	1	2	2	0.000000	37.000000	37.000000	0.000000	0.000000	0	0	0
141	4	1	1	0.000000	16.000000	16.000000	0.000000	0.000000	0	0	0
142	155	1	2	0.000000	11.941935	11.335484	0.000000	0.000000	0	0	0
143	46	1	1	0.000000	1.847826	1.847826	0.000000	0.000000	0	0	0
144	86	1	2	0.000000	13.930233	13.930233	0.000000	0.000000	0	0	0
145	64	1	2	0.000000	18.515625	18.109375	0.000000	0.000000	0	0	0
146	99	2	2	0.000000	13.626263	8.242424	0.000000	0.000000	0	0	0
147	4	1	1	0.000000	10.500000	7.500000	0.000000	0.000000	0	0	0
148	46	1	1	0.000000	1.282609	1.282609	0.000000	0.000000	0	0	0
149	63	1	0	0.000000	1.015873	1.015873	0.000000	0.000000	0	0	0
150	1	1	2	0.000000	5.000000	5.000000	0.000000	0.000000	0	0	0
151	840	2	2	0.000000	16.640476	15.255952	0.000000	0.000000	0	0	0
152	365	1	2	0.000000	15.991781	13.600000	0.000000	0.000000	0	0	0
153	148	2	2	0.000000	11.459459	10.702703	0.000000	0.000000	0	0	0
154	19	2	1	0.000000	15.052632	9.842105	0.000000	0.000000	0	0	0
155	18	1	1	0.000000	12.944444	12.944444	0.000000	0.000000	0	0	0
156	9	1	2	0.000000	14.777778	14.777778	0.000000	0.000000	0	0	0
157	9	1	2	0.000000	29.333333	20.111111	0.000000	0.000000	0	0	0
158	1	2	2	0.000000	50.000000	50.000000	0.000000	0.000000	0	0	0
159	3	2	1	0.000000	33.333333	33.333333	0.000000	0.000000	0	0	0
160	2	1	1	0.000000	28.500000	28.500000	0.000000	0.000000	0	0	0
161	2	1	2	0.000000	4.000000	4.000000	0.000000	0.000000	0	0	0
162	1	2	2	0.000000	7.000000	7.000000	0.000000	0.000000	0	0	0
163	1	2	3	0.000000	31.000000	31.000000	0.000000	0.000000	0	0	0
164	1	3	3	0.000000	14.000000	14.000000	0.000000	0.000000	0	0	0
165	1	3	2	0.000000	9.000000	9.000000	0.000000	0.000000	0	0	0
166	8	1	1	0.000000	4.375000	4.375000	0.000000	0.000000	0	0	0
167	245	2	2	0.000000	14.359184	13.097959	0.000000	0.000000	0	0	0
168	44	2	1	0.000000	6.886364	6.227273	0.000000	0.000000	0	0	0
169	6	2	2	0.000000	13.500000	11.500000	0.000000	0.000000	0	0	0
170	1	1	2	0.000000	10.000000	6.000000	0.000000	0.000000	0	0	0
171	271	2	2	0.000000	15.332103	15.003690	0.000000	0.000000	0	0	0
172	13	2	1	0.000000	17.538462	17.538462	0.000000	0.000000	0	0	0
173	38	1	1	0.000000	12.105263	12.105263	0.000000	0.000000	0	0	0
174	21	1	1	0.000000	1.000000	1.000000	0.000000	0.000000	0	0	0
175	3	2	2	0.000000	2.000000	2.000000	0.000000	0.000000	0	0	0
176	3	1	1	0.000000	1.000000	1.000000	0.000000	0.000000	0	0	0
177	75	1	2	0.000000	14.373333	14.146667	0.000000	0.000000	0	0	0
178	490	1	2	0.000000	6.485714	6.414286	0.000000	0.000000	0	0	0
179	86	2	2	0.000000	12.453488	12.453488	0.000000	0.000000	0	0	0
180	24	1	2	0.000000	8.791667	8.791667	0.000000	0.000000	0	0	0
181	91	2	2	0.000000	6.769231	6.769231	0.000000	0.000000	0	0	0
182	6	1	1	0.000000	1.000000	1.000000	0.000000	0.000000	0	0	0
183	21	2	2	0.000000	7.380952	7.380952	0.000000	0.000000	0	0	0
184	9	1	1	0.000000	11.444444	11.444444	0.000000	0.000000	0	0	0
185	1	2	2	0.000000	23.000000	23.000000	0.000000	0.000000	0	0	0
186	27	1	1	0.000000	6.814815	5.888889	0.000000	0.000000	0	0	0
187	239	2	0	0.000000	14.845188	14.271967	0.000000	0.000000	0	0	0
188	378	2	2	0.000000	17.264550	16.677249	0.000000	0.000000	0	0	0
189	16	2	1	0.000000	13.437500	13.437500	0.000000	0.000000	0	0	0
190	27	1	1	0.000000	1.000000	1.000000	0.000000	0.000000	0	0	0
191	14	1	2	0.000000	18.928571	18.714286	0.000000	0.000000	0	0	0
192	4	1	1	0.000000	1.500000	1.500000	0.000000	0.000000	0	0	0
193	4	1	2	0.000000	5.500000	5.500000	0.000000	0.000000	0	0	0
194	13	1	1	0.000000	10.692308	10.692308	0.000000	0.000000	0	0	0
195	90	2	1	0.000000	13.533333	12.466667	0.000000	0.000000	0	0	0
196	11	1	1	0.000000	4.636364	4.636364	0.000000	0.000000	0	0	0
197	83	1	2	0.000000	8.048193	7.722892	0.000000	0.000000	0	0	0
198	3	1	1	0.000000	20.666667	20.666667	0.000000	0.000000	0	0	0
199	1	1	2	0.000000	21.000000	21.000000	0.000000	0.000000	0	0	0
200	62	0	2	0.000000	9.548387	9.548387	0.000000	0.000000	0	0	0
201	23	1	2	0.000000	16.695652	15.956522	0.000000	0.000000	0	0	0
202	106	0	0	0.000000	3.424528	3.424528	0.000000	0.000000	0	0	0
203	34	2	2	0.000000	14.588235	13.558824	0.000000	0.000000	0	0	0
204	66	1	0	0.000000	1.060606	1.060606	0.000000	0.000000	0	0	0
205	45	1	1	0.000000	12.711111	10.288889	0.000000	0.000000	0	0	0
206	50	2	1	0.000000	12.420000	12.420000	0.000000	0.000000	0	0	0
207	23	1	1	0.000000	6.869565	6.869565	0.000000	0.000000	0	0	0
208	1	1	2	0.000000	13.000000	13.000000	0.000000	0.000000	0	0	0
209	8	2	1	0.000000	22.125000	19.250000	0.000000	0.000000	0	0	0
210	27	1	1	0.000000	12.481481	11.555556	0.000000	0.000000	0	0	0
211	47	1	1	0.000000	19.425532	17.255319	0.000000	0.000000	0	0	0
212	69	1	2	0.000000	15.202899	14.811594	0.000000	0.000000	0	0	0
213	16	2	1	0.000000	19.375000	1.000000	0.000000	0.000000	0	0	0
214	14	2	1	0.000000	9.785714	8.500000	0.000000	0.000000	0	0	0
215	13	1	1	0.000000	6.076923	6.076923	0.000000	0.000000	0	0	0
216	67	1	0	0.000000	1.000000	1.000000	0.000000	0.000000	0	0	0
217	41	1	2	0.000000	11.219512	10.463415	0.000000	0.000000	0	0	0
218	4	1	2	0.000000	30.250000	17.250000	0.000000	0.000000	0	0	0
219	3	2	3	0.000000	30.666667	17.666667	0.000000	0.000000	0	0	0
220	112	1	2	0.000000	16.633929	15.080357	0.000000	0.000000	0	0	0
221	214	1	2	0.000000	14.056075	13.378505	0.000000	0.000000	0	0	0
222	238	2	2	0.000000	13.684874	13.117647	0.000000	0.000000	0	0	0
223	27	1	1	0.000000	14.703704	14.703704	0.000000	0.000000	0	0	0
224	16	1	2	0.000000	2.375000	2.375000	0.000000	0.000000	0	0	0
225	158	1	1	0.000000	10.253165	9.765823	0.000000	0.000000	0	0	0
226	8	1	1	0.000000	11.000000	11.000000	0.000000	0.000000	0	0	0
227	39	1	2	0.000000	6.769231	4.153846	0.000000	0.000000	0	0	0
228	776	1	2	0.000000	16.313144	15.893041	0.000000	0.000000	0	0	0
229	27	1	1	0.000000	1.000000	1.000000	0.000000	0.000000	0	0	0
230	59	1	0	0.000000	1.000000	1.000000	0.000000	0.000000	0	0	0
231	6	2	2	0.000000	42.666667	41.666667	0.000000	0.000000	0	0	0
232	7	2	1	0.000000	25.571429	24.571429	0.000000	0.000000	0	0	0
233	55	1	0	0.000000	1.000000	1.000000	0.000000	0.000000	0	0	0
234	12	1	2	0.000000	19.416667	2.000000	0.000000	0.000000	0	0	0
235	60	1	0	0.000000	1.050000	1.050000	0.000000	0.000000	0	0	0
236	17	1	1	0.000000	16.705882	16.705882	0.000000	0.000000	0	0	0
237	18	1	2	0.000000	19.333333	19.333333	0.000000	0.000000	0	0	0
238	27	1	1	0.000000	14.962963	14.222222	0.000000	0.000000	0	0	0
239	56	1	0	0.000000	1.035714	1.035714	0.000000	0.000000	0	0	0
240	64	1	0	0.000000	1.000000	1.000000	0.000000	0.000000	0	0	0
241	69	1	0	0.000000	1.028986	1.028986	0.000000	0.000000	0	0	0
242	2	2	2	0.000000	10.000000	10.000000	0.000000	0.000000	0	0	0
243	85	1	1	0.000000	8.282353	7.964706	0.000000	0.000000	0	0	0
244	27	1	1	0.000000	1.148148	1.148148	0.000000	0.000000	0	0	0
245	2	3	2	0.000000	16.000000	16.000000	0.000000	0.000000	0	0	0
246	27	1	1	0.000000	1.962963	1.962963	0.000000	0.000000	0	0	0
247	1	2	1	0.000000	17.000000	17.000000	0.000000	0.000000	0	0	0
248	43	1	1	0.000000	12.837209	11.953488	0.000000	0.000000	0	0	0
249	55	1	0	0.000000	1.000000	1.000000	0.000000	0.000000	0	0	0
250	8	1	2	0.000000	15.625000	15.625000	0.000000	0.000000	0	0	0
251	27	1	1	0.000000	1.074074	1.074074	0.000000	0.000000	0	0	0
252	5	1	1	0.000000	11.000000	11.000000	0.000000	0.000000	0	0	0
253	5	2	2	0.000000	10.400000	10.400000	0.000000	0.000000	0	0	0
254	6	1	1	0.000000	8.000000	8.000000	0.000000	0.000000	0	0	0
255	1	1	2	0.000000	15.000000	15.000000	0.000000	0.000000	0	0	0
256	6	1	2	0.000000	15.833333	15.833333	0.000000	0.000000	0	0	0
257	45	2	1	0.000000	12.755556	1.377778	0.000000	0.000000	0	0	0
258	10	1	1	0.000000	1.000000	1.000000	0.000000	0.000000	0	0	0
259	64	1	0	0.000000	1.000000	1.000000	0.000000	0.000000	0	0	0
260	14	2	1	0.000000	14.500000	14.500000	0.000000	0.000000	0	0	0
261	255	0	3	0.000000	14.011765	13.152941	0.000000	0.000000	0	0	0
262	54	1	1	0.000000	1.111111	1.111111	0.000000	0.000000	0	0	0
263	117	1	2	0.000000	9.350427	7.794872	0.000000	0.000000	0	0	0
264	54	1	1	0.000000	7.907407	7.870370	0.000000	0.000000	0	0	0
265	120	1	2	0.000000	14.466667	13.883333	0.000000	0.000000	0	0	0
266	135	0	2	0.000000	8.140741	8.140741	0.000000	0.000000	0	0	0
267	133	1	1	0.000000	4.796992	4.593985	0.000000	0.000000	0	0	0
268	1	1	2	0.000000	7.000000	7.000000	0.000000	0.000000	0	0	0
269	1	1	3	0.000000	12.000000	12.000000	0.000000	0.000000	0	0	0
270	13	2	2	0.000000	13.538462	12.692308	0.000000	0.000000	0	0	0
271	21	1	1	0.000000	10.285714	9.523810	0.000000	0.000000	0	0	0
272	3	1	1	0.000000	8.000000	8.000000	0.000000	0.000000	0	0	0
273	60	1	0	0.000000	1.000000	1.000000	0.000000	0.000000	0	0	0
274	29	1	1	0.000000	9.310345	6.206897	0.000000	0.000000	0	0	0
275	61	1	0	0.000000	1.000000	1.000000	0.000000	0.000000	0	0	0
276	6	1	2	0.000000	2.000000	2.000000	0.000000	0.000000	0	0	0
277	154	0	2	0.000000	5.467532	5.292208	0.000000	0.000000	0	0	0
278	27	1	1	0.000000	2.296296	2.296296	0.000000	0.000000	0	0	0
279	27	1	1	0.000000	6.555556	6.555556	0.000000	0.000000	0	0	0
280	10	1	2	0.000000	9.600000	9.600000	0.000000	0.000000	0	0	0
281	17	1	1	0.000000	9.647059	9.647059	0.000000	0.000000	0	0	0
282	168	1	1	0.000000	8.345238	8.083333	0.000000	0.000000	0	0	0
283	27	1	1	0.000000	1.037037	1.037037	0.000000	0.000000	0	0	0
284	39	1	1	0.000000	22.743590	13.025641	0.000000	0.000000	0	0	0
285	4	2	1	0.000000	18.500000	18.500000	0.000000	0.000000	0	0	0
286	14	1	1	0.000000	15.071429	15.071429	0.000000	0.000000	0	0	0
287	2	1	1	0.000000	14.000000	14.000000	0.000000	0.000000	0	0	0
288	1	1	1	0.000000	1.000000	1.000000	0.000000	0.000000	0	0	0
289	1	1	2	0.000000	2.000000	2.000000	0.000000	0.000000	0	0	0
290	1	2	2	0.000000	4.000000	4.000000	0.000000	0.000000	0	0	0
291	35	1	1	0.000000	17.200000	15.571429	0.000000	0.000000	0	0	0
292	314	1	2	0.000000	16.369427	15.608280	0.000000	0.000000	0	0	0
293	57	1	1	0.000000	1.052632	1.052632	0.000000	0.000000	0	0	0
294	58	1	0	0.000000	1.000000	1.000000	0.000000	0.000000	0	0	0
295	327	0	2	0.000000	9.501529	9.241590	0.000000	0.000000	0	0	0
296	19	1	1	0.000000	12.157895	12.157895	0.000000	0.000000	0	0	0
297	190	2	0	0.000000	11.389474	10.952632	0.000000	0.000000	0	0	0
298	24	2	1	0.000000	12.708333	12.708333	0.000000	0.000000	0	0	0
299	3	1	1	0.000000	8.666667	8.666667	0.000000	0.000000	0	0	0
300	56	1	0	0.000000	1.035714	1.035714	0.000000	0.000000	0	0	0
301	19	1	1	0.000000	1.947368	1.947368	0.000000	0.000000	0	0	0
302	110	2	0	0.000000	4.963636	4.472727	0.000000	0.000000	0	0	0
303	27	1	1	0.000000	8.185185	8.185185	0.000000	0.000000	0	0	0
304	1	1	2	0.000000	9.000000	6.000000	0.000000	0.000000	0	0	0
305	1	1	3	0.000000	17.000000	9.000000	0.000000	0.000000	0	0	0
306	24	2	2	0.000000	13.875000	12.958333	0.000000	0.000000	0	0	0
307	46	1	1	0.000000	8.260870	6.391304	0.000000	0.000000	0	0	0
308	27	1	1	0.000000	1.370370	1.370370	0.000000	0.000000	0	0	0
309	9	2	3	0.000000	21.222222	20.111111	0.000000	0.000000	0	0	0
310	2	1	1	0.000000	11.000000	11.000000	0.000000	0.000000	0	0	0
311	8	1	2	0.000000	13.500000	13.500000	0.000000	0.000000	0	0	0
312	6	1	1	0.000000	9.833333	9.833333	0.000000	0.000000	0	0	0
313	6	1	2	0.000000	4.666667	4.666667	0.000000	0.000000	0	0	0
314	1	1	2	0.000000	6.000000	6.000000	0.000000	0.000000	0	0	0
315	66	1	1	0.000000	6.787879	6.787879	0.000000	0.000000	0	0	0
316	27	1	1	0.000000	16.259259	16.259259	0.000000	0.000000	0	0	0
317	43	1	1	0.000000	17.162791	16.302326	0.000000	0.000000	0	0	0
318	33	1	2	0.000000	10.969697	10.454545	0.000000	0.000000	0	0	0
319	2	1	2	0.000000	3.000000	3.000000	0.000000	0.000000	0	0	0
320	2	1	2	0.000000	4.000000	4.000000	0.000000	0.000000	0	0	0
321	37	1	2	0.000000	2.243243	2.243243	0.000000	0.000000	0	0	0
322	22	2	2	0.000000	9.272727	7.545455	0.000000	0.000000	0	0	0
323	60	1	1	0.000000	9.433333	9.200000	0.000000	0.000000	0	0	0
324	13	1	1	0.000000	16.384615	16.384615	0.000000	0.000000	0	0	0
325	66	1	0	0.000000	1.000000	1.000000	0.000000	0.000000	0	0	0
326	3	1	2	0.000000	2.000000	2.000000	0.000000	0.000000	0	0	0
327	3	1	2	0.000000	15.666667	3.666667	0.000000	0.000000	0	0	0
328	4	1	2	0.000000	19.000000	18.000000	0.000000	0.000000	0	0	0
329	55	1	0	0.000000	1.054545	1.054545	0.000000	0.000000	0	0	0
330	32	1	2	0.000000	12.781250	9.406250	0.000000	0.000000	0	0	0
331	14	1	1	0.000000	18.928571	7.285714	0.000000	0.000000	0	0	0
332	11	2	2	0.000000	7.272727	7.272727	0.000000	0.000000	0	0	0
333	72	1	0	0.000000	1.013889	1.013889	0.000000	0.000000	0	0	0
334	1	1	2	0.000000	4.000000	4.000000	0.000000	0.000000	0	0	0
335	1	1	2	0.000000	6.000000	6.000000	0.000000	0.000000	0	0	0
336	27	1	1	0.000000	10.814815	10.814815	0.000000	0.000000	0	0	0
337	47	1	1	0.000000	1.000000	1.000000	0.000000	0.000000	0	0	0
338	2	1	1	0.000000	5.000000	5.000000	0.000000	0.000000	0	0	0
339	9	2	2	0.000000	7.000000	6.000000	0.000000	0.000000	0	0	0
340	10	1	1	0.000000	5.500000	4.500000	0.000000	0.000000	0	0	0
341	74	1	0	0.000000	1.013514	1.013514	0.000000	0.000000	0	0	0
342	8	1	1	0.000000	7.250000	2.000000	0.000000	0.000000	0	0	0
343	2	1	2	0.000000	9.500000	4.500000	0.000000	0.000000	0	0	0
344	65	1	0	0.000000	1.000000	1.000000	0.000000	0.000000	0	0	0
345	68	1	0	0.000000	1.000000	1.000000	0.000000	0.000000	0	0	0
346	4	2	2	0.000000	20.250000	20.250000	0.000000	0.000000	0	0	0
347	48	1	1	0.000000	1.937500	1.937500	0.000000	0.000000	0	0	0
348	135	1	2	0.000000	12.903704	12.200000	0.000000	0.000000	0	0	0
349	10	1	1	0.000000	1.000000	1.000000	0.000000	0.000000	0	0	0
350	3	2	2	0.000000	29.000000	6.000000	0.000000	0.000000	0	0	0
351	27	1	1	0.000000	1.000000	1.000000	0.000000	0.000000	0	0	0
352	58	1	1	0.000000	1.000000	1.000000	0.000000	0.000000	0	0	0
353	51	1	1	0.000000	1.000000	1.000000	0.000000	0.000000	0	0	0
354	1	1	1	0.000000	3.000000	3.000000	0.000000	0.000000	0	0	0
355	12	1	1	0.000000	1.000000	1.000000	0.000000	0.000000	0	0	0
356	3	1	1	0.000000	1.000000	1.000000	0.000000	0.000000	0	0	0
357	23	1	1	0.000000	1.000000	1.000000	0.000000	0.000000	0	0	0
358	12	1	2	0.000000	2.000000	2.000000	0.000000	0.000000	0	0	0
359	16	1	2	0.000000	1.500000	1.500000	0.000000	0.000000	0	0	0
360	62	0	1	0.000000	4.629032	4.629032	0.000000	0.000000	0	0	0
361	8	1	1	0.000000	3.125000	3.125000	0.000000	0.000000	0	0	0
362	2	2	2	0.000000	3.000000	3.000000	0.000000	0.000000	0	0	0
363	7	1	1	0.000000	2.000000	2.000000	0.000000	0.000000	0	0	0
364	2	2	2	0.000000	3.000000	3.000000	0.000000	0.000000	0	0	0
365	8	1	1	0.000000	1.000000	1.000000	0.000000	0.000000	0	0	0
366	17	1	1	0.000000	1.000000	1.000000	0.000000	0.000000	0	0	0
367	8	1	1	0.000000	3.000000	3.000000	0.000000	0.000000	0	0	0
368	1	2	2	0.000000	51.000000	51.000000	0.000000	0.000000	0	0	0
369	62	1	0	0.000000	1.000000	1.000000	0.000000	0.000000	0	0	0
370	64	1	0	0.000000	1.000000	1.000000	0.000000	0.000000	0	0	0
371	6	2	2	0.000000	2.666667	2.666667	0.000000	0.000000	0	0	0
372	312	1	2	0.000000	15.503205	13.804487	0.000000	0.000000	0	0	0
373	57	1	0	0.000000	1.000000	1.000000	0.000000	0.000000	0	0	0
374	5	1	2	0.000000	2.200000	2.200000	0.000000	0.000000	0	0	0
375	64	1	0	0.000000	1.000000	1.000000	0.000000	0.000000	0	0	0
376	4	1	1	0.000000	1.500000	1.500000	0.000000	0.000000	0	0	0
377	27	1	1	0.000000	2.000000	1.259259	0.000000	0.000000	0	0	0
378	61	1	0	0.000000	1.032787	1.032787	0.000000	0.000000	0	0	0
379	7	1	2	0.000000	9.000000	9.000000	0.000000	0.000000	0	0	0
380	27	1	1	0.000000	1.000000	1.000000	0.000000	0.000000	0	0	0
381	60	1	0	0.000000	1.000000	1.000000	0.000000	0.000000	0	0	0
382	88	1	0	0.000000	1.931818	1.931818	0.000000	0.000000	0	0	0
383	6	1	1	0.000000	7.000000	7.000000	0.000000	0.000000	0	0	0
384	4	1	2	0.000000	15.500000	15.500000	0.000000	0.000000	0	0	0
385	3	2	1	0.000000	13.333333	13.333333	0.000000	0.000000	0	0	0
386	5	1	1	0.000000	6.000000	6.000000	0.000000	0.000000	0	0	0
387	59	1	0	0.000000	1.000000	1.000000	0.000000	0.000000	0	0	0
388	27	1	1	0.000000	1.000000	1.000000	0.000000	0.000000	0	0	0
389	4	2	2	0.000000	9.250000	4.500000	0.000000	0.000000	0	0	0
390	1	3	1	0.000000	10.000000	5.000000	0.000000	0.000000	0	0	0
391	17	3	1	0.000000	5.411765	4.941176	0.000000	0.000000	0	0	0
392	3	1	1	0.000000	1.000000	1.000000	0.000000	0.000000	0	0	0
393	6	1	1	0.000000	2.166667	2.166667	0.000000	0.000000	0	0	0
394	62	1	0	0.000000	1.000000	1.000000	0.000000	0.000000	0	0	0
395	2	2	2	0.000000	2.000000	2.000000	0.000000	0.000000	0	0	0
396	4	1	1	0.000000	1.000000	1.000000	0.000000	0.000000	0	0	0
397	27	1	1	0.000000	1.074074	1.074074	0.000000	0.000000	0	0	0
398	75	1	0	0.000000	1.093333	1.093333	0.000000	0.000000	0	0	0
399	1	1	2	0.000000	4.000000	4.000000	0.000000	0.000000	0	0	0
400	2	1	2	0.000000	5.000000	5.000000	0.000000	0.000000	0	0	0
401	298	1	2	0.000000	13.093960	12.412752	0.000000	0.000000	0	0	0
402	5	1	1	0.000000	5.000000	5.000000	0.000000	0.000000	0	0	0
403	15	1	2	0.000000	7.866667	3.400000	0.000000	0.000000	0	0	0
404	27	1	1	0.000000	1.000000	1.000000	0.000000	0.000000	0	0	0
405	25	2	1	0.000000	1.160000	1.160000	0.000000	0.000000	0	0	0
406	2	1	1	0.000000	1.000000	1.000000	0.000000	0.000000	0	0	0
407	54	1	0	0.000000	1.000000	1.000000	0.000000	0.000000	0	0	0
408	67	1	0	0.000000	1.253731	1.253731	0.000000	0.000000	0	0	0
409	66	1	0	0.000000	1.000000	1.000000	0.000000	0.000000	0	0	0
410	283	1	2	0.000000	5.819788	4.904594	0.000000	0.000000	0	0	0
411	3	1	1	0.000000	1.000000	1.000000	0.000000	0.000000	0	0	0
412	56	1	0	0.000000	1.000000	1.000000	0.000000	0.000000	0	0	0
413	57	1	0	0.000000	1.000000	1.000000	0.000000	0.000000	0	0	0
414	1	2	2	0.000000	9.000000	2.000000	0.000000	0.000000	0	0	0
415	64	0	0	0.000000	1.000000	1.000000	0.000000	0.000000	0	0	0
416	27	1	1	0.000000	1.000000	1.000000	0.000000	0.000000	0	0	0
417	60	1	0	0.000000	1.000000	1.000000	0.000000	0.000000	0	0	0
418	27	1	1	0.000000	1.000000	1.000000	0.000000	0.000000	0	0	0
419	70	1	0	0.000000	1.000000	1.000000	0.000000	0.000000	0	0	0
420	65	1	0	0.000000	1.092308	1.092308	0.000000	0.000000	0	0	0
421	3	1	2	0.000000	7.333333	1.000000	0.000000	0.000000	0	0	0
422	2	1	2	0.000000	7.500000	1.500000	0.000000	0.000000	0	0	0
423	27	1	1	0.000000	5.185185	2.444444	0.000000	0.000000	0	0	0
424	64	1	0	0.000000	1.000000	1.000000	0.000000	0.000000	0	0	0
425	13	1	1	0.000000	1.000000	1.000000	0.000000	0.000000	0	0	0
426	2	1	1	0.000000	4.000000	4.000000	0.000000	0.000000	0	0	0
427	3	1	2	0.000000	5.333333	5.333333	0.000000	0.000000	0	0	0
428	46	1	1	0.000000	1.000000	1.000000	0.000000	0.000000	0	0	0
429	10	1	1	0.000000	1.600000	1.600000	0.000000	0.000000	0	0	0
430	21	1	1	0.000000	1.523810	1.523810	0.000000	0.000000	0	0	0
431	63	1	1	0.000000	1.000000	1.000000	0.000000	0.000000	0	0	0
432	43	1	1	0.000000	1.000000	1.000000	0.000000	0.000000	0	0	0
433	36	1	1	0.000000	1.500000	1.500000	0.000000	0.000000	0	0	0
434	27	1	1	0.000000	1.111111	1.111111	0.000000	0.000000	0	0	0
435	8	1	1	0.000000	1.000000	1.000000	0.000000	0.000000	0	0	0
436	27	1	1	0.000000	1.000000	1.000000	0.000000	0.000000	0	0	0
437	53	1	1	0.000000	1.000000	1.000000	0.000000	0.000000	0	0	0
438	71	2	0	0.000000	1.056338	1.056338	0.000000	0.000000	0	0	0
439	1	1	1	0.000000	1.000000	1.000000	0.000000	0.000000	0	0	0
440	1	1	2	0.000000	2.000000	2.000000	0.000000	0.000000	0	0	0
441	1	2	2	0.000000	3.000000	3.000000	0.000000	0.000000	0	0	0
442	3	2	1	0.000000	2.666667	2.666667	0.000000	0.000000	0	0	0
443	63	1	0	0.000000	1.000000	1.000000	0.000000	0.000000	0	0	0
444	62	1	0	0.000000	1.000000	1.000000	0.000000	0.000000	0	0	0
445	54	1	0	0.000000	1.000000	1.000000	0.000000	0.000000	0	0	0
446	71	1	0	0.000000	1.056338	1.056338	0.000000	0.000000	0	0	0
447	27	1	1	0.000000	1.000000	1.000000	0.000000	0.000000	0	0	0
448	68	1	0	0.000000	1.000000	1.000000	0.000000	0.000000	0	0	0
449	53	1	1	0.000000	1.849057	1.283019	0.000000	0.000000	0	0	0
450	27	1	1	0.000000	1.000000	1.000000	0.000000	0.000000	0	0	0
451	60	2	0	0.000000	1.050000	1.050000	0.000000	0.000000	0	0	0
452	6	1	1	0.000000	1.000000	1.000000	0.000000	0.000000	0	0	0
453	70	1	0	0.000000	1.000000	1.000000	0.000000	0.000000	0	0	0
454	5	1	1	0.000000	6.200000	6.200000	0.000000	0.000000	0	0	0
455	2	1	1	0.000000	7.500000	7.500000	0.000000	0.000000	0	0	0
456	2	1	1	0.000000	1.000000	1.000000	0.000000	0.000000	0	0	0
457	2	1	1	0.000000	2.500000	2.500000	0.000000	0.000000	0	0	0
458	55	1	0	0.000000	1.018182	1.018182	0.000000	0.000000	0	0	0
459	8	2	1	0.000000	17.750000	1.000000	0.000000	0.000000	0	0	0
460	63	1	0	0.000000	1.000000	1.000000	0.000000	0.000000	0	0	0
461	54	1	0	0.000000	1.000000	1.000000	0.000000	0.000000	0	0	0
462	55	1	0	0.000000	1.000000	1.000000	0.000000	0.000000	0	0	0
463	1	1	2	0.000000	2.000000	2.000000	0.000000	0.000000	0	0	0
464	29	1	1	0.000000	1.000000	1.000000	0.000000	0.000000	0	0	0
465	27	1	1	0.000000	1.000000	1.000000	0.000000	0.000000	0	0	0
466	59	1	0	0.000000	1.000000	1.000000	0.000000	0.000000	0	0	0
467	6	2	2	0.000000	21.166667	11.000000	0.000000	0.000000	0	0	0
468	6	1	1	0.000000	1.000000	1.000000	0.000000	0.000000	0	0	0
469	57	1	0	0.000000	1.000000	1.000000	0.000000	0.000000	0	0	0
470	27	1	1	0.000000	1.259259	1.259259	0.000000	0.000000	0	0	0
471	45	1	1	0.000000	1.000000	1.000000	0.000000	0.000000	0	0	0
472	62	1	0	0.000000	1.032258	1.032258	0.000000	0.000000	0	0	0
473	67	1	0	0.000000	1.000000	1.000000	0.000000	0.000000	0	0	0
474	63	1	0	0.000000	1.000000	1.000000	0.000000	0.000000	0	0	0
475	58	1	0	0.000000	1.000000	1.000000	0.000000	0.000000	0	0	0
476	27	1	1	0.000000	1.000000	1.000000	0.000000	0.000000	0	0	0
477	27	1	1	0.000000	1.000000	1.000000	0.000000	0.000000	0	0	0
478	57	1	0	0.000000	1.000000	1.000000	0.000000	0.000000	0	0	0
479	65	1	0	0.000000	1.000000	1.000000	0.000000	0.000000	0	0	0
480	59	1	0	0.000000	1.000000	1.000000	0.000000	0.000000	0	0	0
481	27	1	1	0.000000	1.000000	1.000000	0.000000	0.000000	0	0	0
482	65	1	0	0.000000	1.000000	1.000000	0.000000	0.000000	0	0	0
483	11	2	1	0.000000	1.454545	1.454545	0.000000	0.000000	0	0	0
484	30	1	1	0.000000	1.000000	1.000000	0.000000	0.000000	0	0	0
485	56	1	1	0.000000	1.000000	1.000000	0.000000	0.000000	0	0	0
486	2	1	1	0.000000	2.000000	2.000000	0.000000	0.000000	0	0	0
487	65	1	0	0.000000	1.000000	1.000000	0.000000	0.000000	0	0	0
488	37	1	1	0.000000	1.000000	1.000000	0.000000	0.000000	0	0	0
489	68	1	0	0.000000	1.014706	1.014706	0.000000	0.000000	0	0	0
490	60	1	0	0.000000	1.000000	1.000000	0.000000	0.000000	0	0	0
491	61	1	0	0.000000	1.377049	1.081967	0.000000	0.000000	0	0	0
492	27	1	1	0.000000	1.000000	1.000000	0.000000	0.000000	0	0	0
493	67	1	0	0.000000	1.000000	1.000000	0.000000	0.000000	0	0	0
494	3	1	1	0.000000	1.000000	1.000000	0.000000	0.000000	0	0	0
495	21	1	1	0.000000	1.000000	1.000000	0.000000	0.000000	0	0	0
496	19	1	1	0.000000	1.000000	1.000000	0.000000	0.000000	0	0	0
497	34	1	2	0.000000	1.117647	1.117647	0.000000	0.000000	0	0	0
498	69	1	0	0.000000	1.000000	1.000000	0.000000	0.000000	0	0	0
499	1	1	2	0.000000	24.000000	1.000000	0.000000	0.000000	0	0	0
500	64	1	0	0.000000	1.000000	1.000000	0.000000	0.000000	0	0	0
501	7	1	1	0.000000	1.000000	1.000000	0.000000	0.000000	0	0	0
502	6	1	1	0.000000	1.000000	1.000000	0.000000	0.000000	0	0	0
503	2	1	1	0.000000	1.000000	1.000000	0.000000	0.000000	0	0	0
504	27	1	1	0.000000	1.000000	1.000000	0.000000	0.000000	0	0	0
505	58	1	0	0.000000	1.000000	1.000000	0.000000	0.000000	0	0	0
506	55	1	0	0.000000	1.000000	1.000000	0.000000	0.000000	0	0	0
507	73	1	0	0.000000	1.000000	1.000000	0.000000	0.000000	0	0	0
508	66	1	0	0.000000	1.000000	1.000000	0.000000	0.000000	0	0	0
509	16	1	1	0.000000	1.000000	1.000000	0.000000	0.000000	0	0	0
510	64	1	0	0.000000	1.000000	1.000000	0.000000	0.000000	0	0	0
511	4	1	1	0.000000	1.000000	1.000000	0.000000	0.000000	0	0	0
512	16	1	1	0.000000	1.000000	1.000000	0.000000	0.000000	0	0	0
513	47	1	1	0.000000	1.000000	1.000000	0.000000	0.000000	0	0	0
514	27	1	1	0.000000	1.000000	1.000000	0.000000	0.000000	0	0	0
515	45	1	1	0.000000	1.000000	1.000000	0.000000	0.000000	0	0	0
516	55	0	0	0.000000	1.000000	1.000000	0.000000	0.000000	0	0	0
517	56	1	0	0.000000	1.000000	1.000000	0.000000	0.000000	0	0	0
518	57	1	0	0.000000	1.000000	1.000000	0.000000	0.000000	0	0	0
519	27	1	1	0.000000	1.000000	1.000000	0.000000	0.000000	0	0	0
520	7	1	1	0.000000	1.000000	1.000000	0.000000	0.000000	0	0	0
521	27	1	1	0.000000	1.000000	1.000000	0.000000	0.000000	0	0	0
