780	0	15	1
ROADMAP 1
ROADMAP 2
ROADMAP 3
ROADMAP 4
ROADMAP 5
ROADMAP 6
ROADMAP 7
ROADMAP 8
ROADMAP 9
ROADMAP 10
ROADMAP 11
ROADMAP 12
ROADMAP 13
ROADMAP 14
ROADMAP 15
ROADMAP 16
ROADMAP 17
3	13	0	23
ROADMAP 18
ROADMAP 19
ROADMAP 20
2	18	0	18
ROADMAP 21
6	0	2	36
ROADMAP 22
ROADMAP 23
ROADMAP 24
8	28	0	8
ROADMAP 25
17	3	0	13
3	3	0	20
ROADMAP 26
10	0	10	36
ROADMAP 27
ROADMAP 28
8	8	6	8
ROADMAP 29
ROADMAP 30
16	0	16	36
1	1	0	15
ROADMAP 31
19	26	0	10
ROADMAP 32
ROADMAP 33
ROADMAP 34
6	0	20	36
21	0	0	2
ROADMAP 35
12	0	14	36
ROADMAP 36
22	35	0	1
ROADMAP 37
5	9	16	17
-8	9	9	8
ROADMAP 38
36	0	9	35
22	0	0	10
ROADMAP 39
6	19	0	17
ROADMAP 40
29	16	7	15
ROADMAP 41
ROADMAP 42
41	22	0	14
ROADMAP 43
ROADMAP 44
ROADMAP 45
23	0	32	36
ROADMAP 46
34	0	12	18
44	3	0	27
ROADMAP 47
4	24	0	12
ROADMAP 48
3	0	16	36
ROADMAP 49
ROADMAP 50
10	0	13	36
26	0	0	10
ROADMAP 51
12	0	21	36
35	0	0	14
ROADMAP 52
7	15	0	21
ROADMAP 53
16	29	0	7
ROADMAP 54
3	0	32	36
48	0	0	16
ROADMAP 55
26	0	2	10
50	0	0	3
15	15	0	10
ROADMAP 56
29	21	0	15
ROADMAP 57
40	9	0	16
29	9	7	15
40	9	16	19
ROADMAP 58
ROADMAP 59
27	8	0	28
ROADMAP 60
41	0	17	36
ROADMAP 61
18	0	26	36
61	12	8	10
ROADMAP 62
36	18	0	18
ROADMAP 63
ROADMAP 64
33	0	28	36
43	12	0	16
ROADMAP 65
ROADMAP 66
19	0	18	36
ROADMAP 67
ROADMAP 68
ROADMAP 69
19	0	24	36
66	0	0	18
ROADMAP 70
24	19	0	17
ROADMAP 71
2	0	12	36
ROADMAP 72
5	0	14	36
-24	2	16	11
-66	5	1	-1
ROADMAP 73
ROADMAP 74
60	0	16	17
31	1	0	26
19	1	0	8
ROADMAP 75
13	7	0	29
ROADMAP 76
29	0	15	36
20	2	14	18
2	2	0	4
ROADMAP 77
48	0	15	16
54	0	0	16
ROADMAP 78
39	0	2	19
6	0	0	19
ROADMAP 79
32	0	7	36
ROADMAP 80
49	20	0	16
ROADMAP 81
54	0	5	16
77	0	0	19
ROADMAP 82
9	0	16	36
ROADMAP 83
57	11	0	9
40	11	0	16
ROADMAP 84
23	0	22	36
45	0	0	22
ROADMAP 85
33	17	0	19
ROADMAP 86
55	0	7	15
15	0	0	28
ROADMAP 87
37	0	9	34
ROADMAP 88
56	0	6	21
29	0	0	21
ROADMAP 89
ROADMAP 90
2	0	9	36
71	0	0	9
ROADMAP 91
63	0	5	36
ROADMAP 92
31	0	19	26
19	0	0	29
ROADMAP 93
41	0	17	36
60	0	0	17
ROADMAP 94
73	0	13	36
ROADMAP 95
23	10	0	26
ROADMAP 96
43	0	2	36
ROADMAP 97
ROADMAP 98
58	13	0	23
ROADMAP 99
8	0	20	36
56	10	7	13
ROADMAP 100
27	0	19	36
ROADMAP 101
98	0	9	13
58	0	0	32
ROADMAP 102
-72	6	3	1
24	6	12	13
ROADMAP 103
73	0	7	36
94	0	0	7
ROADMAP 104
7	0	7	36
ROADMAP 105
29	0	30	36
76	0	0	2
20	0	14	18
2	0	0	5
9	3	17	23
ROADMAP 106
18	0	20	36
61	0	0	12
61	0	8	10
61	0	12	18
ROADMAP 107
67	8	0	28
ROADMAP 108
7	0	19	36
104	0	0	7
37	5	9	14
ROADMAP 109
105	0	8	13
ROADMAP 110
91	0	0	5
ROADMAP 111
108	0	3	5
37	0	9	14
108	0	5	7
-82	1	5	1
ROADMAP 112
63	0	6	36
91	0	0	5
110	0	0	1
ROADMAP 113
49	0	24	36
37	17	0	7
ROADMAP 114
29	0	26	36
76	0	0	2
20	0	14	18
2	0	0	5
105	0	0	3
9	0	17	23
105	0	3	9
ROADMAP 115
ROADMAP 116
-56	0	6	-1
5	13	0	16
ROADMAP 117
11	0	13	36
ROADMAP 118
89	8	0	28
ROADMAP 119
58	0	23	36
ROADMAP 120
11	0	33	36
117	0	0	13
63	7	0	13
ROADMAP 121
56	6	2	4
56	21	19	21
29	21	0	11
ROADMAP 122
118	4	0	8
89	4	0	24
ROADMAP 123
43	0	34	36
96	0	0	2
42	6	0	22
41	6	0	4
ROADMAP 124
102	0	25	33
56	26	1	3
ROADMAP 125
14	0	8	36
ROADMAP 126
-6	0	15	14
-6	0	15	14
-6	0	15	13
52	10	0	15
7	10	0	7
ROADMAP 127
58	0	29	36
119	0	0	23
ROADMAP 128
-6	0	15	13
126	0	0	10
52	0	0	15
7	0	0	9
ROADMAP 129
9	0	33	36
82	0	0	16
39	7	0	10
ROADMAP 130
42	0	6	22
41	0	0	20
ROADMAP 131
119	0	14	23
127	0	0	6
85	8	0	13
ROADMAP 132
100	0	17	19
18	14	0	20
ROADMAP 133
116	0	8	13
5	0	0	31
ROADMAP 134
ROADMAP 135
8	0	2	36
99	0	0	2
ROADMAP 136
ROADMAP 137
13	0	18	36
95	7	0	10
23	7	0	1
ROADMAP 138
6	32	15	16
6	32	15	16
ROADMAP 139
56	0	9	21
29	0	0	24
ROADMAP 140
68	25	0	11
ROADMAP 141
10	0	24	36
26	0	0	10
50	0	0	3
55	0	0	11
ROADMAP 142
11	0	23	36
117	0	0	13
120	0	0	7
63	0	0	3
ROADMAP 143
31	22	1	2
ROADMAP 144
32	1	0	35
ROADMAP 145
3	0	4	36
48	0	0	4
ROADMAP 146
53	0	23	29
16	0	0	30
ROADMAP 147
ROADMAP 148
115	6	0	30
ROADMAP 149
66	0	3	18
69	0	0	6
8	2	5	6
ROADMAP 150
102	1	0	6
-72	1	3	1
24	1	12	13
102	1	6	32
ROADMAP 151
ROADMAP 152
4	16	11	14
ROADMAP 153
8	0	9	36
99	0	0	9
ROADMAP 154
147	1	0	35
ROADMAP 155
71	0	6	12
10	12	0	18
ROADMAP 156
94	0	12	13
59	15	0	8
27	15	0	12
ROADMAP 157
49	0	3	36
113	0	0	3
ROADMAP 158
65	4	0	32
ROADMAP 159
110	0	28	31
97	1	0	32
ROADMAP 160
2	0	21	36
71	0	0	12
155	0	0	9
ROADMAP 161
119	0	20	23
127	0	0	6
131	0	0	8
85	0	0	17
33	0	0	2
ROADMAP 162
-6	12	16	14
-6	12	15	14
-6	12	15	13
126	12	0	10
52	12	0	9
ROADMAP 163
-99	4	13	9
-56	4	12	-1
116	4	0	13
5	4	0	2
ROADMAP 164
53	5	0	29
16	5	0	2
ROADMAP 165
53	0	4	29
16	0	0	11
ROADMAP 166
89	0	23	36
11	13	0	10
ROADMAP 167
31	0	23	26
19	0	0	33
ROADMAP 168
34	0	0	18
46	0	0	3
44	0	0	15
ROADMAP 169
11	0	14	36
117	0	0	13
120	0	0	1
ROADMAP 170
15	0	32	36
73	21	0	11
ROADMAP 171
136	0	29	36
122	5	0	4
118	5	0	8
89	5	0	12
ROADMAP 172
150	34	0	1
102	34	0	1
ROADMAP 173
66	0	17	18
69	0	0	6
149	0	0	2
8	0	5	6
149	0	2	14
ROADMAP 174
65	0	31	36
107	11	0	8
67	11	0	12
ROADMAP 175
6	0	0	36
ROADMAP 176
29	5	16	21
20	8	0	18
2	8	0	5
ROADMAP 177
132	0	4	14
18	0	0	26
ROADMAP 178
115	0	32	36
98	16	0	13
58	16	0	3
ROADMAP 179
119	0	6	23
127	0	0	6
131	0	0	8
85	0	0	5
ROADMAP 180
19	0	3	36
66	0	0	3
ROADMAP 181
83	0	5	11
57	0	0	9
40	0	0	16
29	0	7	12
ROADMAP 182
76	23	3	7
ROADMAP 183
69	0	3	6
149	0	0	2
8	0	5	6
149	0	2	14
173	0	0	14
ROADMAP 184
56	0	13	21
29	0	0	28
ROADMAP 185
35	0	0	14
51	0	0	7
ROADMAP 186
41	0	0	36
ROADMAP 187
30	0	0	1
1	0	0	35
ROADMAP 188
3	0	23	36
48	0	0	16
54	0	0	7
ROADMAP 189
44	0	7	36
ROADMAP 190
136	0	11	36
171	0	0	5
122	0	0	4
118	0	0	2
ROADMAP 191
124	0	19	26
56	0	1	13
ROADMAP 192
29	0	8	36
76	0	0	2
20	0	14	18
2	0	0	2
ROADMAP 193
98	0	9	13
58	0	0	32
ROADMAP 194
163	28	0	4
-99	28	13	9
ROADMAP 195
10	0	18	36
26	0	0	10
50	0	0	3
55	0	0	5
ROADMAP 196
33	0	7	36
64	0	0	7
ROADMAP 197
115	0	5	36
178	0	0	5
ROADMAP 198
149	0	3	14
173	0	0	14
183	0	0	4
56	4	0	3
ROADMAP 199
87	0	6	11
62	9	0	18
36	9	0	4
ROADMAP 200
182	7	0	23
76	7	3	7
182	7	23	25
ROADMAP 201
162	23	0	12
-6	23	16	15
ROADMAP 202
28	6	0	8
8	6	6	8
28	6	8	28
ROADMAP 203
109	0	25	31
151	8	0	22
ROADMAP 204
1	0	31	36
25	18	0	3
17	18	0	10
ROADMAP 205
5	0	23	36
72	0	0	2
-24	0	16	11
72	0	2	5
-66	0	1	-1
72	0	5	7
152	3	0	6
ROADMAP 206
131	0	4	8
85	0	0	17
33	0	0	15
ROADMAP 207
127	0	1	6
131	0	0	8
85	0	0	17
33	0	0	6
ROADMAP 208
182	0	25	27
2	6	19	29
82	6	2	3
14	9	0	14
ROADMAP 209
151	0	33	36
ROADMAP 210
29	0	22	36
76	0	0	2
20	0	14	18
2	0	0	4
76	0	2	7
182	0	23	27
208	0	0	3
ROADMAP 211
66	0	3	18
69	0	0	6
149	0	0	2
8	0	5	6
149	0	2	14
ROADMAP 212
151	0	16	36
209	0	0	16
ROADMAP 213
8	0	5	6
149	0	2	14
173	0	0	14
183	0	0	4
198	0	0	4
56	0	0	1
ROADMAP 214
17	0	8	13
3	0	0	31
ROADMAP 215
51	0	2	7
185	0	0	15
154	5	0	1
147	5	0	10
ROADMAP 216
61	0	9	12
61	0	8	10
61	0	12	24
ROADMAP 217
20	0	13	18
2	0	0	31
ROADMAP 218
66	0	4	18
69	0	0	6
149	0	0	2
8	0	5	6
149	0	2	14
173	0	0	1
ROADMAP 219
102	6	3	6
-72	6	3	1
202	14	0	6
28	14	0	8
8	14	6	8
28	14	8	9
ROADMAP 220
80	22	0	14
ROADMAP 221
48	0	6	16
54	0	0	16
77	0	0	10
ROADMAP 222
170	0	15	21
73	0	0	30
ROADMAP 223
49	0	20	36
113	0	0	17
37	0	0	3
ROADMAP 224
32	0	6	36
79	0	0	6
ROADMAP 225
15	0	15	36
170	0	0	15
ROADMAP 226
62	0	15	18
36	0	0	33
ROADMAP 227
63	0	17	36
91	0	0	5
110	0	0	12
ROADMAP 228
45	0	29	32
148	28	0	5
ROADMAP 229
151	0	10	36
209	0	0	10
ROADMAP 230
136	0	7	36
171	0	0	5
122	0	0	2
ROADMAP 231
49	0	23	36
113	0	0	17
37	0	0	6
ROADMAP 232
3	0	14	36
48	0	0	14
ROADMAP 233
105	0	12	13
109	0	0	31
203	0	0	4
ROADMAP 234
43	0	19	36
96	0	0	2
123	0	0	6
42	0	0	11
ROADMAP 235
10	0	8	36
26	0	0	8
ROADMAP 236
83	0	0	11
57	0	0	9
40	0	0	16
ROADMAP 237
44	0	35	36
189	0	0	7
219	8	0	6
102	8	3	6
-72	8	3	1
219	8	6	14
202	8	0	1
ROADMAP 238
75	0	1	7
13	0	0	30
ROADMAP 239
9	0	2	36
82	0	0	2
ROADMAP 240
115	0	31	36
178	0	0	16
98	0	0	13
58	0	0	2
ROADMAP 241
143	0	2	22
31	0	1	2
143	0	22	35
ROADMAP 242
131	0	0	8
85	0	0	17
33	0	0	11
ROADMAP 243
121	0	3	6
56	0	2	4
121	0	6	21
56	0	19	21
29	0	0	14
ROADMAP 244
5	0	16	17
-8	0	9	8
37	0	9	34
87	0	0	9
ROADMAP 245
51	0	0	7
185	0	0	15
215	0	0	5
154	0	0	1
147	0	0	8
ROADMAP 246
191	0	2	17
176	2	0	5
29	2	16	21
176	2	5	8
20	2	0	6
ROADMAP 247
19	0	14	36
66	0	0	14
ROADMAP 248
32	0	30	36
79	0	0	7
ROADMAP 249
134	0	23	36
172	4	8	9
70	7	0	15
ROADMAP 250
79	0	4	7
248	0	0	23
220	5	0	5
ROADMAP 251
116	0	1	13
5	0	0	24
ROADMAP 252
102	0	2	6
-72	0	3	1
24	0	12	13
102	0	6	33
124	0	0	2
ROADMAP 253
29	0	1	36
76	0	0	1
ROADMAP 254
58	0	10	36
119	0	0	10
ROADMAP 255
20	0	0	18
2	0	0	18
ROADMAP 256
109	0	26	31
203	0	0	8
151	0	0	23
ROADMAP 257
216	0	10	19
75	23	0	4
ROADMAP 258
12	0	8	36
35	0	0	8
ROADMAP 259
98	0	9	13
58	0	0	32
ROADMAP 260
144	15	0	1
32	15	0	20
ROADMAP 261
237	0	5	8
219	0	0	6
102	0	3	6
-72	0	3	1
219	0	6	14
202	0	0	6
28	0	0	8
ROADMAP 262
44	0	3	36
189	0	0	3
ROADMAP 263
100	0	12	19
132	0	0	14
18	0	0	15
ROADMAP 264
75	0	5	7
13	0	0	34
ROADMAP 265
24	0	25	28
8	0	0	33
ROADMAP 266
73	0	20	36
94	0	0	13
156	0	0	7
ROADMAP 267
33	0	8	36
64	0	0	8
ROADMAP 268
47	10	0	24
4	10	0	2
ROADMAP 269
58	0	7	36
119	0	0	7
ROADMAP 270
257	0	20	23
75	0	0	7
13	0	0	26
ROADMAP 271
19	0	23	36
66	0	0	18
69	0	0	5
ROADMAP 272
22	0	27	36
268	10	0	10
47	10	0	7
ROADMAP 273
98	0	10	13
58	0	0	33
ROADMAP 274
55	0	7	15
15	0	0	28
ROADMAP 275
83	12	0	11
57	12	0	9
40	12	0	4
ROADMAP 276
56	0	18	21
29	0	0	33
ROADMAP 277
194	9	0	27
ROADMAP 278
119	0	5	23
127	0	0	6
131	0	0	8
85	0	0	4
ROADMAP 279
125	0	7	8
164	0	0	5
53	0	0	29
16	0	0	1
ROADMAP 280
55	0	8	15
15	0	0	29
ROADMAP 281
48	0	8	16
54	0	0	16
77	0	0	12
ROADMAP 282
98	0	8	13
58	0	0	31
ROADMAP 283
18	0	22	36
61	0	0	12
61	0	8	10
61	0	12	20
ROADMAP 284
220	0	14	22
80	0	0	20
49	0	0	8
ROADMAP 285
5	0	33	36
72	0	0	2
-24	0	16	11
72	0	2	5
-66	0	1	-1
72	0	5	7
205	0	0	3
152	0	0	16
ROADMAP 286
260	0	12	15
144	0	0	1
32	0	0	32
ROADMAP 287
61	0	19	24
216	0	0	19
257	0	0	12
ROADMAP 288
41	0	7	36
60	0	0	7
ROADMAP 289
205	0	2	3
152	0	0	16
4	0	11	14
152	0	16	32
ROADMAP 290
33	0	26	36
64	0	0	12
43	0	0	14
ROADMAP 291
2	0	1	36
71	0	0	1
ROADMAP 292
65	0	15	36
174	0	0	11
107	0	0	4
ROADMAP 293
228	0	4	28
148	0	0	6
115	0	0	6
ROADMAP 294
162	0	1	12
-6	0	16	14
-6	0	15	14
-6	0	15	13
126	0	0	10
52	0	0	10
ROADMAP 295
45	0	24	32
228	0	0	28
ROADMAP 296
68	0	13	36
12	2	0	11
ROADMAP 297
151	0	1	36
209	0	0	1
ROADMAP 298
52	0	12	15
7	0	0	33
ROADMAP 299
47	0	1	24
4	0	0	13
ROADMAP 300
140	0	8	25
68	0	0	19
ROADMAP 301
36	0	24	35
22	0	0	25
ROADMAP 302
115	0	4	36
178	0	0	4
ROADMAP 303
138	4	0	32
ROADMAP 304
15	0	32	36
170	0	0	21
73	0	0	11
ROADMAP 305
43	0	17	36
96	0	0	2
123	0	0	6
42	0	0	9
ROADMAP 306
2	0	20	29
82	0	2	3
208	0	6	9
14	0	0	23
ROADMAP 307
1	0	33	36
204	0	0	18
25	0	0	3
17	0	0	12
ROADMAP 308
80	0	2	20
49	0	0	18
ROADMAP 309
199	0	2	9
62	0	0	18
36	0	0	11
ROADMAP 310
20	0	3	18
2	0	0	21
ROADMAP 311
30	0	0	1
1	0	0	35
ROADMAP 312
41	0	18	36
60	0	0	17
74	0	0	1
ROADMAP 313
40	0	17	28
9	6	0	19
ROADMAP 314
228	0	10	28
148	0	0	6
115	0	0	12
ROADMAP 315
131	0	3	8
85	0	0	17
33	0	0	14
ROADMAP 316
124	0	10	26
56	0	1	13
191	0	0	8
ROADMAP 317
105	0	11	12
260	4	0	15
144	4	0	1
32	4	0	15
ROADMAP 318
8	0	29	36
99	0	0	10
56	0	7	13
99	0	10	14
-163	0	3	-1
-194	0	27	26
ROADMAP 319
56	0	7	13
99	0	10	14
-163	0	3	-1
-194	0	27	26
318	0	0	4
200	12	0	5
ROADMAP 320
5	0	16	36
72	0	0	2
-24	0	16	11
72	0	2	5
-66	0	1	-1
72	0	5	7
205	0	0	2
ROADMAP 321
85	0	15	17
33	0	0	34
ROADMAP 322
27	0	8	36
100	0	0	8
ROADMAP 323
8	0	14	36
99	0	0	10
56	0	7	11
ROADMAP 324
18	0	19	36
61	0	0	12
61	0	8	10
61	0	12	17
ROADMAP 325
28	0	31	34
121	2	0	6
56	2	2	4
121	2	6	21
56	2	19	21
29	2	0	6
ROADMAP 326
152	0	6	16
4	0	11	14
152	0	16	33
ROADMAP 327
209	0	10	33
303	8	0	4
138	8	0	1
ROADMAP 328
58	0	10	36
119	0	0	10
ROADMAP 329
136	0	26	36
171	0	0	5
122	0	0	4
118	0	0	8
89	0	0	9
ROADMAP 330
5	0	18	36
72	0	0	2
-24	0	16	11
72	0	2	5
-66	0	1	-1
72	0	5	7
205	0	0	3
152	0	0	1
ROADMAP 331
29	0	8	36
76	0	0	2
20	0	14	18
2	0	0	2
ROADMAP 332
138	0	1	32
6	0	15	16
6	0	15	16
138	0	32	34
ROADMAP 333
205	0	2	3
152	0	0	16
4	0	11	14
152	0	16	32
ROADMAP 334
9	0	18	23
105	0	3	13
109	0	0	21
ROADMAP 335
-56	0	9	-1
116	0	0	13
5	0	0	13
ROADMAP 336
156	0	0	15
59	0	0	8
27	0	0	13
ROADMAP 337
83	0	3	11
57	0	0	9
40	0	0	16
29	0	7	10
ROADMAP 338
121	0	18	21
56	0	19	21
29	0	0	31
ROADMAP 339
132	0	5	14
18	0	0	27
ROADMAP 340
76	0	6	7
182	0	23	27
208	0	0	6
2	0	19	29
82	0	2	3
208	0	6	9
14	0	0	11
ROADMAP 341
119	0	4	23
127	0	0	6
131	0	0	8
85	0	0	3
ROADMAP 342
32	0	12	36
79	0	0	7
248	0	0	5
ROADMAP 343
41	0	11	36
60	0	0	11
ROADMAP 344
14	0	18	36
125	0	0	8
164	0	0	5
53	0	0	5
ROADMAP 345
19	0	2	36
66	0	0	2
ROADMAP 346
34	0	9	18
46	0	0	3
44	0	0	24
ROADMAP 347
272	0	0	10
268	0	0	10
47	0	0	16
ROADMAP 348
110	0	23	31
159	0	0	1
97	0	0	27
ROADMAP 349
7	0	23	36
104	0	0	7
108	0	0	5
37	0	9	14
108	0	5	7
111	0	0	1
-82	0	5	2
ROADMAP 350
69	0	3	6
149	0	0	2
8	0	5	6
149	0	2	14
173	0	0	14
183	0	0	4
ROADMAP 351
228	0	13	28
148	0	0	6
115	0	0	15
ROADMAP 352
56	0	4	21
29	0	0	19
ROADMAP 353
134	13	0	23
ROADMAP 354
65	0	0	36
ROADMAP 355
6	0	34	36
21	0	0	2
34	0	0	18
46	0	0	3
44	0	0	11
ROADMAP 356
151	0	22	36
209	0	0	22
ROADMAP 357
64	0	10	12
43	0	0	34
ROADMAP 358
100	0	13	19
132	0	0	14
18	0	0	16
ROADMAP 359
249	0	5	7
70	0	0	19
24	0	0	15
ROADMAP 360
82	0	15	16
129	0	0	7
39	0	0	19
6	0	0	9
ROADMAP 361
20	0	8	18
2	0	0	26
ROADMAP 362
56	0	1	21
29	0	0	16
ROADMAP 363
89	0	1	36
166	0	0	1
ROADMAP 364
200	0	3	7
182	0	0	23
76	0	3	7
182	0	23	28
ROADMAP 365
201	0	7	23
162	0	0	12
-6	0	16	14
-6	0	15	14
-6	0	15	13
126	0	0	3
ROADMAP 366
23	0	19	36
45	0	0	19
ROADMAP 367
152	0	4	16
4	0	11	14
152	0	16	33
326	0	0	4
ROADMAP 368
63	0	3	36
91	0	0	3
ROADMAP 369
58	0	9	36
119	0	0	9
ROADMAP 370
111	0	18	23
277	10	0	9
194	10	0	12
ROADMAP 371
34	0	10	18
46	0	0	3
44	0	0	25
ROADMAP 372
52	0	7	15
7	0	0	28
ROADMAP 373
134	0	23	36
249	0	0	4
172	0	8	9
249	0	4	7
70	0	0	15
ROADMAP 374
-6	0	15	13
126	0	0	10
52	0	0	15
7	0	0	9
ROADMAP 375
158	0	0	4
65	0	0	32
ROADMAP 376
23	0	27	36
45	0	0	27
ROADMAP 377
94	0	4	13
156	0	0	15
59	0	0	8
27	0	0	4
ROADMAP 378
208	0	4	6
2	0	19	29
82	0	2	3
208	0	6	9
14	0	0	20
ROADMAP 379
13	0	9	36
137	0	0	7
95	0	0	2
ROADMAP 380
7	0	3	36
104	0	0	3
ROADMAP 381
58	0	14	36
119	0	0	14
ROADMAP 382
44	0	24	36
189	0	0	7
237	0	0	8
219	0	0	6
102	0	3	6
ROADMAP 383
65	0	32	36
174	0	0	11
107	0	0	8
67	0	0	13
ROADMAP 384
152	0	17	33
326	0	0	6
ROADMAP 385
27	0	30	36
100	0	0	19
132	0	0	11
ROADMAP 386
34	0	2	18
46	0	0	3
44	0	0	17
ROADMAP 387
79	0	0	7
248	0	0	23
250	0	0	5
220	0	0	1
ROADMAP 388
94	0	3	13
156	0	0	15
59	0	0	8
27	0	0	3
ROADMAP 389
61	0	16	24
216	0	0	19
257	0	0	9
ROADMAP 390
257	0	21	23
75	0	0	7
13	0	0	27
ROADMAP 391
102	0	28	33
124	0	0	26
56	0	1	6
ROADMAP 392
138	0	28	32
6	0	15	16
6	0	15	16
138	0	32	34
332	0	0	1
353	14	0	13
ROADMAP 393
39	0	13	19
6	0	0	30
ROADMAP 394
152	0	3	16
4	0	11	14
152	0	16	33
326	0	0	3
ROADMAP 395
65	0	3	36
174	0	0	3
ROADMAP 396
20	0	5	18
2	0	0	23
ROADMAP 397
113	0	3	17
37	0	0	9
5	0	16	17
-8	0	9	8
37	0	9	20
ROADMAP 398
140	31	0	5
ROADMAP 399
248	0	15	23
250	0	0	5
220	0	0	22
80	0	0	1
ROADMAP 400
23	0	35	36
45	0	0	32
228	0	0	3
ROADMAP 401
136	11	0	25
ROADMAP 402
24	0	24	28
8	0	0	32
ROADMAP 403
124	0	11	26
56	0	1	13
191	0	0	9
ROADMAP 404
61	0	17	24
216	0	0	19
257	0	0	10
ROADMAP 405
23	0	16	36
45	0	0	16
ROADMAP 406
22	0	25	36
272	0	0	10
268	0	0	10
47	0	0	5
ROADMAP 407
36	0	14	35
22	0	0	15
ROADMAP 408
147	0	4	36
ROADMAP 409
15	0	4	36
170	0	0	4
ROADMAP 410
4	0	8	36
ROADMAP 411
15	0	24	36
170	0	0	21
73	0	0	3
ROADMAP 412
21	0	0	2
34	0	0	18
46	0	0	3
44	0	0	13
ROADMAP 413
398	0	9	31
140	0	0	14
ROADMAP 414
176	0	4	5
29	0	16	21
176	0	5	8
20	0	0	18
2	0	0	9
ROADMAP 415
29	0	17	36
76	0	0	2
20	0	14	18
2	0	0	5
105	0	0	3
9	0	17	20
ROADMAP 416
32	0	15	36
79	0	0	7
248	0	0	8
ROADMAP 417
60	0	3	17
74	0	0	1
31	0	0	21
ROADMAP 418
174	0	1	11
107	0	0	8
67	0	0	18
ROADMAP 419
52	0	10	15
7	0	0	31
ROADMAP 420
60	0	0	17
74	0	0	1
31	0	0	18
ROADMAP 421
172	0	32	34
150	0	0	1
102	0	0	6
-72	0	3	1
24	0	12	13
102	0	6	30
ROADMAP 422
191	0	5	17
246	0	0	2
176	0	0	5
29	0	16	21
176	0	5	8
20	0	0	9
ROADMAP 423
183	0	0	4
198	0	0	4
56	0	0	21
29	0	0	7
ROADMAP 424
47	0	18	24
4	0	0	30
ROADMAP 425
82	0	10	16
129	0	0	7
39	0	0	19
6	0	0	4
ROADMAP 426
10	0	31	36
26	0	0	10
50	0	0	3
55	0	0	15
15	0	0	3
ROADMAP 427
12	0	25	36
35	0	0	14
51	0	0	7
185	0	0	4
ROADMAP 428
2	0	0	36
ROADMAP 429
61	0	3	12
61	0	8	10
61	0	12	24
216	0	0	13
ROADMAP 430
155	0	1	12
10	0	0	25
ROADMAP 431
201	5	0	23
162	5	0	8
ROADMAP 432
6	0	25	36
21	0	0	2
34	0	0	18
46	0	0	3
44	0	0	2
ROADMAP 433
43	0	29	36
96	0	0	2
123	0	0	6
42	0	0	21
ROADMAP 434
163	0	1	4
-99	0	13	9
-56	0	12	-1
116	0	0	13
5	0	0	3
ROADMAP 435
65	0	20	36
174	0	0	11
107	0	0	8
67	0	0	1
ROADMAP 436
35	0	5	14
51	0	0	7
185	0	0	15
215	0	0	5
ROADMAP 437
37	0	4	9
5	0	16	17
-8	0	9	8
37	0	9	34
87	0	0	4
ROADMAP 438
29	0	30	36
76	0	0	2
20	0	14	18
2	0	0	5
105	0	0	3
9	0	17	23
105	0	3	13
ROADMAP 439
94	0	12	13
156	0	0	15
59	0	0	8
27	0	0	12
ROADMAP 440
28	0	9	34
325	0	0	2
121	0	0	6
56	0	2	4
121	0	6	7
ROADMAP 441
9	0	17	36
82	0	0	16
129	0	0	1
ROADMAP 442
24	0	1	28
8	0	0	9
ROADMAP 443
140	0	13	25
68	0	0	24
ROADMAP 444
55	0	9	15
15	0	0	30
ROADMAP 445
43	0	29	36
96	0	0	2
123	0	0	6
42	0	0	21
ROADMAP 446
29	0	5	36
76	0	0	2
20	0	14	17
ROADMAP 447
117	0	9	13
120	0	0	7
63	0	0	25
ROADMAP 448
70	0	14	19
24	0	0	28
8	0	0	3
ROADMAP 449
392	0	11	14
353	0	0	13
134	0	0	20
ROADMAP 450
54	0	7	16
77	0	0	19
81	0	0	6
ROADMAP 451
170	0	17	21
73	0	0	32
ROADMAP 452
44	0	35	36
189	0	0	7
237	0	0	8
219	0	0	6
102	0	3	6
-72	0	3	1
219	0	6	14
202	0	0	1
ROADMAP 453
100	0	2	19
132	0	0	14
18	0	0	5
ROADMAP 454
97	0	19	36
392	4	0	1
143	13	0	5
ROADMAP 455
41	0	11	36
60	0	0	11
ROADMAP 456
119	0	4	23
127	0	0	6
131	0	0	8
85	0	0	3
ROADMAP 457
173	0	1	14
183	0	0	4
198	0	0	4
56	0	0	15
ROADMAP 458
152	0	12	16
4	0	11	14
152	0	16	33
326	0	0	6
384	0	0	6
ROADMAP 459
7	0	1	36
104	0	0	1
ROADMAP 460
370	0	1	10
277	0	0	9
194	0	0	18
ROADMAP 461
162	0	2	12
-6	0	16	14
-6	0	15	14
-6	0	15	13
126	0	0	10
52	0	0	11
ROADMAP 462
55	0	1	15
15	0	0	22
ROADMAP 463
5	0	17	36
72	0	0	2
-24	0	16	11
72	0	2	5
-66	0	1	-1
72	0	5	7
205	0	0	3
ROADMAP 464
9	0	20	23
105	0	3	13
109	0	0	23
ROADMAP 465
-72	0	2	1
24	0	12	13
102	0	6	33
124	0	0	7
ROADMAP 466
272	0	3	10
268	0	0	10
47	0	0	19
ROADMAP 467
62	0	14	18
36	0	0	32
ROADMAP 468
89	0	13	36
166	0	0	13
ROADMAP 469
27	0	27	36
100	0	0	19
132	0	0	8
ROADMAP 470
3	0	0	36
ROADMAP 471
24	0	5	28
8	0	0	13
ROADMAP 472
220	0	17	22
80	0	0	20
49	0	0	11
ROADMAP 473
18	0	12	36
61	0	0	12
ROADMAP 474
20	0	17	18
2	0	0	35
ROADMAP 475
209	0	20	33
327	0	0	8
303	0	0	4
138	0	0	11
ROADMAP 476
4	0	15	36
410	0	0	8
431	0	0	5
201	0	0	2
ROADMAP 477
183	0	1	4
198	0	0	4
56	0	0	21
29	0	0	8
ROADMAP 478
49	0	14	36
113	0	0	14
ROADMAP 479
58	0	6	36
119	0	0	6
ROADMAP 480
63	0	9	36
91	0	0	5
110	0	0	4
ROADMAP 481
80	0	5	20
49	0	0	21
ROADMAP 482
178	0	11	16
98	0	0	13
58	0	0	18
ROADMAP 483
-72	0	2	1
219	0	6	14
202	0	0	6
28	0	0	8
8	0	6	8
28	0	8	19
ROADMAP 484
152	0	10	16
4	0	11	14
152	0	16	33
326	0	0	6
384	0	0	4
ROADMAP 485
33	0	3	36
64	0	0	3
ROADMAP 486
37	0	21	34
87	0	0	11
199	0	0	9
62	0	0	3
ROADMAP 487
319	0	2	12
200	0	0	7
182	0	0	19
ROADMAP 488
203	0	4	8
151	0	0	32
ROADMAP 489
204	0	13	18
25	0	0	3
17	0	0	13
3	0	0	15
ROADMAP 490
147	0	18	36
408	0	0	4
158	12	0	2
ROADMAP 491
454	0	5	13
143	0	0	22
31	0	1	2
143	0	22	27
ROADMAP 492
97	0	0	36
ROADMAP 493
183	0	3	4
198	0	0	4
56	0	0	21
29	0	0	10
ROADMAP 494
17	0	5	13
3	0	0	28
ROADMAP 495
123	0	3	6
42	0	0	22
41	0	0	11
ROADMAP 496
26	0	3	10
50	0	0	3
55	0	0	15
15	0	0	11
ROADMAP 497
70	0	9	19
24	0	0	26
ROADMAP 498
7	0	9	36
104	0	0	7
108	0	0	2
ROADMAP 499
97	0	4	36
454	0	0	4
ROADMAP 500
5	0	1	36
72	0	0	1
ROADMAP 501
172	0	4	34
150	0	0	1
102	0	0	5
ROADMAP 502
33	0	13	36
64	0	0	12
43	0	0	1
ROADMAP 503
143	0	11	22
31	0	1	2
143	0	22	35
241	0	0	2
172	7	0	2
ROADMAP 504
68	0	30	36
296	0	0	2
12	0	0	28
ROADMAP 505
59	0	6	8
27	0	0	34
ROADMAP 506
40	0	12	16
29	0	7	15
40	0	16	28
313	0	0	6
9	0	0	6
ROADMAP 507
209	0	12	33
327	0	0	8
303	0	0	4
138	0	0	3
ROADMAP 508
204	0	5	18
25	0	0	3
17	0	0	13
3	0	0	7
ROADMAP 509
151	0	22	36
209	0	0	22
ROADMAP 510
319	0	10	12
200	0	0	7
182	0	0	23
76	0	3	7
ROADMAP 511
80	0	14	20
49	0	0	30
ROADMAP 512
303	0	2	4
138	0	0	32
6	0	15	16
6	0	15	16
ROADMAP 513
58	0	10	36
119	0	0	10
ROADMAP 514
67	0	9	36
401	0	0	9
ROADMAP 515
102	0	0	6
-72	0	3	1
24	0	12	13
102	0	6	33
ROADMAP 516
15	0	32	36
170	0	0	21
73	0	0	11
ROADMAP 517
48	0	8	16
54	0	0	16
77	0	0	12
ROADMAP 518
147	0	24	36
408	0	0	4
490	0	0	12
158	0	0	4
65	0	0	4
ROADMAP 519
95	0	8	10
23	0	0	34
ROADMAP 520
14	0	19	36
125	0	0	8
164	0	0	5
53	0	0	6
ROADMAP 521
170	0	17	21
73	0	0	32
ROADMAP 522
113	0	13	17
37	0	0	9
5	0	16	17
-8	0	9	8
37	0	9	30
ROADMAP 523
107	0	5	8
67	0	0	33
ROADMAP 524
55	0	7	15
15	0	0	28
ROADMAP 525
102	0	2	6
-72	0	3	1
24	0	12	13
102	0	6	33
124	0	0	2
ROADMAP 526
431	0	2	5
201	0	0	23
162	0	0	10
ROADMAP 527
56	0	3	21
29	0	0	18
ROADMAP 528
8	0	9	36
99	0	0	9
ROADMAP 529
46	0	1	3
44	0	0	34
ROADMAP 530
62	0	4	18
36	0	0	22
ROADMAP 531
80	0	0	20
49	0	0	16
ROADMAP 532
156	0	13	15
59	0	0	8
27	0	0	26
ROADMAP 533
132	0	3	14
18	0	0	25
ROADMAP 534
147	0	7	36
408	0	0	4
490	0	0	3
ROADMAP 535
37	0	8	9
5	0	16	17
-8	0	9	8
37	0	9	34
87	0	0	8
ROADMAP 536
58	0	4	36
119	0	0	4
ROADMAP 537
115	0	22	36
178	0	0	16
98	0	0	6
ROADMAP 538
14	0	34	36
125	0	0	8
164	0	0	5
53	0	0	21
ROADMAP 539
33	0	25	36
64	0	0	12
43	0	0	13
ROADMAP 540
7	0	8	36
104	0	0	7
108	0	0	1
ROADMAP 541
70	0	3	19
24	0	0	20
ROADMAP 542
24	0	2	28
8	0	0	10
ROADMAP 543
182	0	16	23
76	0	3	7
182	0	23	32
105	2	9	12
317	2	0	4
260	2	0	7
ROADMAP 544
272	0	2	10
268	0	0	10
47	0	0	18
ROADMAP 545
189	0	4	7
237	0	0	8
219	0	0	6
102	0	3	6
-72	0	3	1
219	0	6	14
202	0	0	6
ROADMAP 546
8	0	28	36
99	0	0	10
56	0	7	13
99	0	10	14
-163	0	3	-1
-194	0	27	26
318	0	0	3
ROADMAP 547
13	0	33	36
137	0	0	7
95	0	0	10
23	0	0	16
ROADMAP 548
76	0	1	2
20	0	14	18
2	0	0	4
76	0	2	7
182	0	23	27
208	0	0	6
2	0	19	29
82	0	2	3
208	0	6	7
ROADMAP 549
172	0	11	34
150	0	0	1
102	0	0	6
-72	0	3	1
24	0	12	13
102	0	6	9
ROADMAP 550
20	0	10	18
2	0	0	28
ROADMAP 551
54	0	15	16
77	0	0	19
81	0	0	6
450	0	0	2
ROADMAP 552
200	0	3	7
182	0	0	23
76	0	3	7
182	0	23	28
ROADMAP 553
410	0	1	8
431	0	0	5
201	0	0	23
162	0	0	1
ROADMAP 554
392	0	11	14
353	0	0	13
134	0	0	20
ROADMAP 555
151	0	0	36
ROADMAP 556
178	0	2	16
98	0	0	13
58	0	0	9
ROADMAP 557
14	0	17	36
125	0	0	8
164	0	0	5
53	0	0	4
ROADMAP 558
182	0	3	23
76	0	3	7
182	0	23	32
543	0	0	2
105	0	9	10
ROADMAP 559
136	0	4	36
171	0	0	4
ROADMAP 560
7	0	5	36
104	0	0	5
ROADMAP 561
454	0	0	4
392	0	0	1
454	0	4	13
143	0	0	22
ROADMAP 562
1	0	6	36
204	0	0	6
ROADMAP 563
115	0	1	36
178	0	0	1
ROADMAP 564
156	0	1	15
59	0	0	8
27	0	0	14
ROADMAP 565
53	0	1	29
16	0	0	8
ROADMAP 566
1	0	1	36
204	0	0	1
ROADMAP 567
143	0	30	35
241	0	0	2
503	0	0	7
172	0	0	22
ROADMAP 568
313	0	1	6
9	0	0	31
ROADMAP 569
216	0	14	19
257	0	0	23
75	0	0	7
13	0	0	1
ROADMAP 570
431	0	0	5
201	0	0	23
162	0	0	8
ROADMAP 571
16	0	31	36
30	0	0	1
1	0	0	30
ROADMAP 572
125	0	3	8
164	0	0	5
53	0	0	26
ROADMAP 573
29	0	6	36
76	0	0	2
20	0	14	18
ROADMAP 574
32	0	14	36
79	0	0	7
248	0	0	7
ROADMAP 575
172	0	5	34
150	0	0	1
102	0	0	6
ROADMAP 576
44	0	11	36
189	0	0	7
237	0	0	4
ROADMAP 577
41	0	29	36
60	0	0	17
74	0	0	1
31	0	0	11
ROADMAP 578
49	0	2	36
113	0	0	2
ROADMAP 579
370	0	2	10
277	0	0	9
194	0	0	19
ROADMAP 580
248	0	6	23
250	0	0	5
220	0	0	14
ROADMAP 581
-56	0	10	-1
116	0	0	13
5	0	0	12
ROADMAP 582
117	0	2	13
120	0	0	7
63	0	0	18
ROADMAP 583
66	0	8	18
69	0	0	6
149	0	0	2
8	0	5	6
149	0	2	14
173	0	0	5
ROADMAP 584
172	0	3	34
150	0	0	1
102	0	0	4
ROADMAP 585
53	0	1	29
16	0	0	8
ROADMAP 586
11	0	21	36
117	0	0	13
120	0	0	7
63	0	0	1
ROADMAP 587
313	0	4	6
9	0	0	34
ROADMAP 588
209	0	25	33
327	0	0	8
303	0	0	4
138	0	0	16
ROADMAP 589
56	0	12	21
29	0	0	27
ROADMAP 590
10	0	34	36
26	0	0	10
50	0	0	3
55	0	0	15
15	0	0	6
ROADMAP 591
23	0	32	36
45	0	0	32
ROADMAP 592
69	0	5	6
149	0	0	2
8	0	5	6
149	0	2	14
173	0	0	14
183	0	0	4
198	0	0	2
ROADMAP 593
61	0	5	12
61	0	8	10
61	0	12	24
216	0	0	15
ROADMAP 594
42	0	5	22
41	0	0	19
ROADMAP 595
73	0	27	36
94	0	0	13
156	0	0	14
ROADMAP 596
392	0	10	14
353	0	0	13
134	0	0	19
ROADMAP 597
66	0	3	18
69	0	0	6
149	0	0	2
8	0	5	6
149	0	2	14
ROADMAP 598
152	0	5	16
4	0	11	14
152	0	16	33
326	0	0	5
ROADMAP 599
58	0	10	36
119	0	0	10
ROADMAP 600
16	0	28	36
30	0	0	1
1	0	0	27
ROADMAP 601
117	0	7	13
120	0	0	7
63	0	0	23
ROADMAP 602
3	0	25	36
48	0	0	16
54	0	0	9
ROADMAP 603
39	0	4	19
6	0	0	21
ROADMAP 604
18	0	17	36
61	0	0	12
61	0	8	10
61	0	12	15
ROADMAP 605
313	0	2	6
9	0	0	32
ROADMAP 606
125	0	3	8
164	0	0	5
53	0	0	26
ROADMAP 607
47	0	11	24
4	0	0	23
ROADMAP 608
4	0	20	36
410	0	0	8
431	0	0	5
201	0	0	7
ROADMAP 609
64	0	1	12
43	0	0	25
ROADMAP 610
53	0	26	29
16	0	0	33
ROADMAP 611
131	0	5	8
85	0	0	17
33	0	0	16
ROADMAP 612
147	0	13	36
408	0	0	4
490	0	0	9
ROADMAP 613
219	0	0	6
102	0	3	6
-72	0	3	1
219	0	6	14
202	0	0	6
28	0	0	8
8	0	6	8
28	0	8	9
ROADMAP 614
318	0	2	4
319	0	0	12
200	0	0	7
182	0	0	15
ROADMAP 615
77	0	16	19
81	0	0	6
450	0	0	2
551	0	0	8
398	0	0	17
ROADMAP 616
51	0	6	7
185	0	0	15
215	0	0	5
154	0	0	1
147	0	0	14
ROADMAP 617
29	0	19	36
76	0	0	2
20	0	14	18
2	0	0	5
105	0	0	3
9	0	17	22
ROADMAP 618
33	0	15	36
64	0	0	12
43	0	0	3
ROADMAP 619
65	0	13	36
174	0	0	11
107	0	0	2
ROADMAP 620
248	0	2	23
250	0	0	5
220	0	0	10
ROADMAP 621
98	0	0	13
58	0	0	23
ROADMAP 622
99	0	1	10
56	0	7	13
99	0	10	14
-163	0	3	-1
-194	0	27	26
318	0	0	4
319	0	0	8
ROADMAP 623
14	0	27	36
125	0	0	8
164	0	0	5
53	0	0	14
ROADMAP 624
194	0	14	28
163	0	0	4
-99	0	13	9
-56	0	12	-1
116	0	0	1
ROADMAP 625
53	0	8	29
16	0	0	15
ROADMAP 626
353	0	0	13
134	0	0	23
ROADMAP 627
47	0	19	24
4	0	0	31
ROADMAP 628
44	0	7	36
189	0	0	7
ROADMAP 629
64	0	0	12
43	0	0	24
ROADMAP 630
98	0	11	13
58	0	0	34
ROADMAP 631
100	0	2	19
132	0	0	14
18	0	0	5
ROADMAP 632
85	0	14	17
33	0	0	33
ROADMAP 633
54	0	3	16
77	0	0	19
81	0	0	4
ROADMAP 634
57	0	5	9
40	0	0	16
29	0	7	15
40	0	16	24
ROADMAP 635
1	0	29	36
204	0	0	18
25	0	0	3
17	0	0	8
ROADMAP 636
24	0	8	28
8	0	0	16
ROADMAP 637
66	0	7	18
69	0	0	6
149	0	0	2
8	0	5	6
149	0	2	14
173	0	0	4
ROADMAP 638
57	0	0	9
40	0	0	16
29	0	7	15
40	0	16	19
ROADMAP 639
1	0	33	36
204	0	0	18
25	0	0	3
17	0	0	12
ROADMAP 640
-82	0	5	1
111	0	1	23
370	0	0	10
ROADMAP 641
52	0	10	15
7	0	0	31
ROADMAP 642
49	0	3	36
113	0	0	3
ROADMAP 643
24	0	14	28
8	0	0	22
ROADMAP 644
39	0	7	19
6	0	0	24
ROADMAP 645
138	0	18	32
6	0	15	16
6	0	15	16
138	0	32	34
332	0	0	1
392	0	0	14
353	0	0	3
ROADMAP 646
11	0	14	36
117	0	0	13
120	0	0	1
ROADMAP 647
121	0	20	21
56	0	19	21
29	0	0	33
ROADMAP 648
109	0	20	31
203	0	0	8
151	0	0	17
ROADMAP 649
303	0	2	4
138	0	0	32
6	0	15	16
6	0	15	16
ROADMAP 650
67	0	3	36
401	0	0	3
ROADMAP 651
140	0	17	25
68	0	0	28
ROADMAP 652
1	0	30	36
204	0	0	18
25	0	0	3
17	0	0	9
ROADMAP 653
15	0	8	36
170	0	0	8
ROADMAP 654
4	0	21	36
410	0	0	8
431	0	0	5
201	0	0	8
ROADMAP 655
68	0	33	36
296	0	0	2
12	0	0	31
ROADMAP 656
19	0	27	36
66	0	0	18
69	0	0	6
149	0	0	2
8	0	5	6
ROADMAP 657
216	0	11	19
257	0	0	23
75	0	0	5
ROADMAP 658
319	0	6	12
200	0	0	7
182	0	0	23
ROADMAP 659
15	0	8	36
170	0	0	8
ROADMAP 660
32	0	35	36
79	0	0	7
248	0	0	23
250	0	0	5
ROADMAP 661
119	0	15	23
127	0	0	6
131	0	0	8
85	0	0	14
ROADMAP 662
138	0	30	32
6	0	15	16
6	0	15	16
138	0	32	34
332	0	0	1
392	0	0	14
353	0	0	13
134	0	0	2
ROADMAP 663
219	0	1	6
102	0	3	6
-72	0	3	1
219	0	6	14
202	0	0	6
28	0	0	8
8	0	6	8
28	0	8	10
ROADMAP 664
89	0	26	36
166	0	0	13
11	0	0	13
ROADMAP 665
151	0	2	36
209	0	0	2
ROADMAP 666
27	0	27	36
100	0	0	19
132	0	0	8
ROADMAP 667
32	0	8	36
79	0	0	7
248	0	0	1
ROADMAP 668
327	0	0	8
303	0	0	4
138	0	0	24
ROADMAP 669
76	0	6	7
182	0	23	32
543	0	0	2
105	0	9	12
317	0	0	4
260	0	0	15
144	0	0	1
32	0	0	1
ROADMAP 670
27	0	5	36
100	0	0	5
ROADMAP 671
28	0	17	34
325	0	0	2
121	0	0	6
56	0	2	4
121	0	6	15
ROADMAP 672
68	0	34	36
296	0	0	2
12	0	0	32
ROADMAP 673
147	0	7	36
408	0	0	4
490	0	0	3
ROADMAP 674
170	0	10	21
73	0	0	25
ROADMAP 675
115	0	28	36
178	0	0	16
98	0	0	12
ROADMAP 676
140	0	21	25
68	0	0	32
ROADMAP 677
318	0	1	4
319	0	0	12
200	0	0	7
182	0	0	14
ROADMAP 678
11	0	22	36
117	0	0	13
120	0	0	7
63	0	0	2
ROADMAP 679
-56	0	9	-1
116	0	0	13
5	0	0	13
ROADMAP 680
228	0	7	28
148	0	0	6
115	0	0	9
ROADMAP 681
178	0	15	16
98	0	0	13
58	0	0	22
ROADMAP 682
5	0	26	36
72	0	0	2
-24	0	16	11
72	0	2	5
-66	0	1	-1
72	0	5	7
205	0	0	3
152	0	0	9
ROADMAP 683
327	0	0	8
303	0	0	4
138	0	0	24
ROADMAP 684
136	0	17	36
171	0	0	5
122	0	0	4
118	0	0	8
ROADMAP 685
1	0	30	36
204	0	0	18
25	0	0	3
17	0	0	9
ROADMAP 686
82	0	0	16
129	0	0	7
39	0	0	13
ROADMAP 687
51	0	3	7
185	0	0	15
215	0	0	5
154	0	0	1
147	0	0	11
ROADMAP 688
67	0	9	36
401	0	0	9
ROADMAP 689
39	0	5	19
6	0	0	22
ROADMAP 690
19	0	28	36
66	0	0	18
69	0	0	6
149	0	0	2
8	0	5	6
149	0	2	3
ROADMAP 691
176	0	3	5
29	0	16	21
176	0	5	8
20	0	0	18
2	0	0	8
ROADMAP 692
228	0	24	28
148	0	0	6
115	0	0	26
ROADMAP 693
275	0	3	12
83	0	0	11
57	0	0	9
40	0	0	7
ROADMAP 694
3	0	33	36
48	0	0	16
54	0	0	16
77	0	0	1
ROADMAP 695
43	0	13	36
96	0	0	2
123	0	0	6
42	0	0	5
ROADMAP 696
20	0	15	18
2	0	0	5
105	0	0	3
9	0	17	23
105	0	3	13
109	0	0	9
ROADMAP 697
32	0	6	36
79	0	0	6
ROADMAP 698
53	0	16	29
16	0	0	23
ROADMAP 699
56	0	19	21
29	0	0	34
ROADMAP 700
27	0	19	36
100	0	0	19
ROADMAP 701
31	0	17	26
19	0	0	27
ROADMAP 702
13	0	14	36
137	0	0	7
95	0	0	7
ROADMAP 703
209	0	11	33
327	0	0	8
303	0	0	4
138	0	0	2
ROADMAP 704
166	0	0	13
11	0	0	23
ROADMAP 705
55	0	9	15
15	0	0	30
ROADMAP 706
48	0	0	16
54	0	0	16
77	0	0	4
ROADMAP 707
111	0	6	23
370	0	0	10
277	0	0	9
ROADMAP 708
119	0	5	23
127	0	0	6
131	0	0	8
85	0	0	4
ROADMAP 709
143	0	16	22
31	0	1	2
143	0	22	35
241	0	0	2
503	0	0	7
172	0	0	7
ROADMAP 710
18	0	7	36
61	0	0	7
ROADMAP 711
22	0	21	36
272	0	0	10
268	0	0	10
47	0	0	1
ROADMAP 712
11	0	21	36
117	0	0	13
120	0	0	7
63	0	0	1
ROADMAP 713
248	0	9	23
250	0	0	5
220	0	0	17
ROADMAP 714
178	0	1	16
98	0	0	13
58	0	0	8
ROADMAP 715
12	0	26	36
35	0	0	14
51	0	0	7
185	0	0	5
ROADMAP 716
201	0	21	23
162	0	0	12
-6	0	16	14
-6	0	15	14
-6	0	15	13
126	0	0	10
52	0	0	7
ROADMAP 717
33	0	33	36
64	0	0	12
43	0	0	21
ROADMAP 718
110	0	11	31
159	0	0	1
97	0	0	15
ROADMAP 719
119	0	16	23
127	0	0	6
131	0	0	8
85	0	0	15
ROADMAP 720
35	0	11	14
51	0	0	7
185	0	0	15
215	0	0	5
154	0	0	1
147	0	0	5
ROADMAP 721
37	0	19	34
87	0	0	11
199	0	0	9
62	0	0	1
ROADMAP 722
7	0	34	36
104	0	0	7
108	0	0	5
37	0	9	14
108	0	5	7
111	0	0	1
-82	0	5	1
111	0	1	11
ROADMAP 723
194	0	22	28
163	0	0	4
-99	0	13	9
-56	0	12	-1
116	0	0	9
ROADMAP 724
143	0	31	35
241	0	0	2
503	0	0	7
172	0	0	23
ROADMAP 725
170	0	8	21
73	0	0	23
ROADMAP 726
20	0	5	18
2	0	0	23
ROADMAP 727
29	0	17	36
76	0	0	2
20	0	14	18
2	0	0	5
105	0	0	3
9	0	17	20
ROADMAP 728
277	0	1	9
194	0	0	28
ROADMAP 729
100	0	4	19
132	0	0	14
18	0	0	7
ROADMAP 730
115	0	8	36
178	0	0	8
ROADMAP 731
268	0	3	10
47	0	0	24
4	0	0	5
ROADMAP 732
97	0	17	36
454	0	0	4
392	0	0	1
454	0	4	13
143	0	0	3
ROADMAP 733
40	0	15	16
29	0	7	15
40	0	16	28
313	0	0	6
9	0	0	9
ROADMAP 734
454	0	4	13
143	0	0	22
31	0	1	2
143	0	22	26
ROADMAP 735
140	0	21	25
68	0	0	32
ROADMAP 736
12	0	9	36
35	0	0	9
ROADMAP 737
24	0	25	28
8	0	0	33
ROADMAP 738
45	0	18	32
228	0	0	22
ROADMAP 739
102	0	3	6
-72	0	3	1
24	0	12	13
102	0	6	33
124	0	0	3
ROADMAP 740
209	0	5	33
327	0	0	8
ROADMAP 741
27	0	14	36
100	0	0	14
ROADMAP 742
14	0	29	36
125	0	0	8
164	0	0	5
53	0	0	16
ROADMAP 743
189	0	2	7
237	0	0	8
219	0	0	6
102	0	3	6
-72	0	3	1
219	0	6	14
202	0	0	4
ROADMAP 744
45	0	25	32
228	0	0	28
148	0	0	1
ROADMAP 745
29	0	14	15
40	0	16	28
313	0	0	6
9	0	0	17
ROADMAP 746
19	0	22	36
66	0	0	18
69	0	0	4
ROADMAP 747
3	0	4	36
48	0	0	4
ROADMAP 748
97	0	26	36
454	0	0	4
392	0	0	1
454	0	4	13
143	0	0	12
ROADMAP 749
162	0	4	12
-6	0	16	14
-6	0	15	14
-6	0	15	13
126	0	0	10
52	0	0	13
ROADMAP 750
49	0	21	36
113	0	0	17
37	0	0	4
ROADMAP 751
57	0	1	9
40	0	0	16
29	0	7	15
40	0	16	20
ROADMAP 752
123	0	2	6
42	0	0	22
41	0	0	10
ROADMAP 753
81	0	3	6
450	0	0	2
551	0	0	8
398	0	0	23
ROADMAP 754
490	0	6	12
158	0	0	4
65	0	0	26
ROADMAP 755
37	0	11	14
108	0	5	7
111	0	0	1
-82	0	5	1
111	0	1	23
370	0	0	4
ROADMAP 756
14	0	29	36
125	0	0	8
164	0	0	5
53	0	0	16
ROADMAP 757
12	0	27	36
35	0	0	14
51	0	0	7
185	0	0	6
ROADMAP 758
-163	0	2	-1
-194	0	27	26
318	0	0	4
319	0	0	12
200	0	0	7
182	0	0	9
ROADMAP 759
143	0	32	35
241	0	0	2
503	0	0	7
172	0	0	24
ROADMAP 760
37	0	6	9
5	0	16	17
-8	0	9	8
37	0	9	34
87	0	0	6
ROADMAP 761
70	0	16	19
24	0	0	28
8	0	0	5
ROADMAP 762
69	0	5	6
149	0	0	2
8	0	5	6
149	0	2	14
173	0	0	14
183	0	0	4
198	0	0	2
ROADMAP 763
14	0	3	36
125	0	0	3
ROADMAP 764
172	0	13	34
150	0	0	1
102	0	0	6
-72	0	3	1
24	0	12	13
102	0	6	11
ROADMAP 765
392	0	9	14
353	0	0	13
134	0	0	18
ROADMAP 766
17	0	10	13
3	0	0	33
ROADMAP 767
32	0	33	36
79	0	0	7
248	0	0	23
250	0	0	3
ROADMAP 768
124	0	6	26
56	0	1	13
191	0	0	4
ROADMAP 769
19	0	6	36
66	0	0	6
ROADMAP 770
67	0	15	36
401	0	0	11
136	0	0	4
ROADMAP 771
47	0	5	24
4	0	0	17
ROADMAP 772
14	0	15	36
125	0	0	8
164	0	0	5
53	0	0	2
ROADMAP 773
152	0	29	33
326	0	0	6
384	0	0	14
-41	8	35	34
ROADMAP 774
77	0	11	19
81	0	0	6
450	0	0	2
551	0	0	8
398	0	0	12
ROADMAP 775
8	0	18	36
99	0	0	10
56	0	7	13
99	0	10	12
ROADMAP 776
40	0	23	28
313	0	0	6
9	0	0	25
ROADMAP 777
64	0	2	12
43	0	0	26
ROADMAP 778
110	0	24	31
159	0	0	1
97	0	0	28
ROADMAP 779
124	0	4	26
56	0	1	13
191	0	0	2
ROADMAP 780
398	0	28	31
140	0	0	25
68	0	0	8
