102	0	17	1
ROADMAP 1
ROADMAP 2
ROADMAP 3
ROADMAP 4
2	42	0	42
ROADMAP 5
3	21	6	69
ROADMAP 6
ROADMAP 7
5	0	5	21
3	0	6	74
ROADMAP 8
ROADMAP 9
5	27	0	21
3	27	6	42
ROADMAP 10
1	60	0	24
ROADMAP 11
6	0	11	84
ROADMAP 12
10	20	0	60
1	20	0	4
ROADMAP 13
12	39	0	20
10	39	0	25
ROADMAP 14
ROADMAP 15
1	0	16	84
ROADMAP 16
12	0	9	20
10	0	0	24
10	17	41	60
1	17	0	13
ROADMAP 17
14	0	22	84
ROADMAP 18
14	0	54	84
17	0	0	22
ROADMAP 19
9	9	0	27
5	9	0	21
3	9	6	33
ROADMAP 20
4	26	0	42
2	26	0	16
ROADMAP 21
12	0	8	20
10	0	0	60
1	0	0	12
ROADMAP 22
13	22	0	39
12	22	0	20
10	22	0	3
ROADMAP 23
8	0	28	84
ROADMAP 24
6	0	27	84
11	0	0	11
ROADMAP 25
2	0	61	84
ROADMAP 26
20	13	0	26
4	13	0	42
2	13	0	3
ROADMAP 27
22	7	0	22
13	7	0	39
12	7	0	16
ROADMAP 28
14	0	58	84
17	0	0	22
18	0	0	32
ROADMAP 29
6	0	23	84
11	0	0	11
24	0	0	12
ROADMAP 30
22	0	15	22
13	0	0	39
12	0	0	20
10	0	0	18
ROADMAP 31
22	0	14	22
13	0	0	39
12	0	0	20
10	0	0	17
ROADMAP 32
5	0	3	4
3	11	0	72
ROADMAP 33
20	0	9	26
4	0	0	42
2	0	0	25
ROADMAP 34
10	0	4	60
1	0	0	28
ROADMAP 35
2	0	83	84
25	0	0	61
6	3	0	19
ROADMAP 36
25	0	59	61
35	0	0	3
6	0	0	79
ROADMAP 37
26	0	8	13
20	0	0	26
4	0	0	42
2	0	0	11
ROADMAP 38
14	0	49	84
17	0	0	22
18	0	0	27
ROADMAP 39
14	0	11	84
17	0	0	11
ROADMAP 40
4	9	21	42
2	9	0	54
ROADMAP 41
22	0	17	22
13	0	0	39
12	0	0	20
10	0	0	20
ROADMAP 42
8	42	0	42
ROADMAP 43
8	0	72	84
23	0	0	13
27	24	0	7
22	24	0	22
13	24	0	6
ROADMAP 44
42	0	10	21
42	17	38	42
8	17	0	52
ROADMAP 45
14	0	44	84
17	0	0	22
18	0	0	22
ROADMAP 46
15	0	12	16
26	7	0	13
20	7	0	26
4	7	0	34
ROADMAP 47
11	15	7	11
24	15	0	4
19	33	0	9
9	33	0	27
5	33	0	4
32	33	0	3
ROADMAP 48
23	0	4	13
43	0	0	24
27	0	0	7
22	0	0	22
13	0	0	22
ROADMAP 49
2	0	13	84
25	0	0	13
ROADMAP 50
8	0	7	84
23	0	0	7
ROADMAP 51
2	0	39	84
25	0	0	39
ROADMAP 52
17	0	13	22
18	0	0	32
28	0	0	4
42	22	0	17
ROADMAP 53
4	0	41	42
2	0	0	81
ROADMAP 54
10	0	52	60
1	0	0	76
ROADMAP 55
6	0	75	84
11	0	0	11
24	0	0	16
47	5	32	33
19	5	0	9
9	5	0	27
5	5	0	6
ROADMAP 56
2	0	6	84
25	0	0	6
ROADMAP 57
24	0	12	16
55	0	0	5
47	0	32	33
19	0	0	9
9	0	0	27
5	0	0	21
3	0	6	23
ROADMAP 58
2	0	64	84
25	0	0	61
35	0	0	3
ROADMAP 59
52	0	19	22
42	0	0	42
8	0	0	39
ROADMAP 60
20	0	22	26
4	0	0	42
2	0	0	38
ROADMAP 61
13	0	3	39
12	0	0	20
10	0	0	28
ROADMAP 62
6	0	66	84
11	0	0	11
24	0	0	16
55	0	0	5
47	0	32	33
19	0	0	9
9	0	0	24
ROADMAP 63
52	0	8	22
42	0	0	42
8	0	0	28
ROADMAP 64
22	0	8	22
13	0	0	39
12	0	0	20
ROADMAP 65
15	0	7	16
46	0	0	7
26	0	0	13
20	0	0	26
4	0	0	29
ROADMAP 66
24	0	15	16
55	0	0	5
47	0	32	33
19	0	0	9
9	0	0	27
5	0	0	21
3	0	6	26
ROADMAP 67
6	0	23	84
11	0	0	11
24	0	0	12
ROADMAP 68
14	0	35	80
17	17	13	22
18	17	0	7
ROADMAP 69
25	0	21	61
35	0	0	3
6	0	0	41
ROADMAP 70
18	0	16	32
28	0	0	4
52	0	0	22
42	0	0	42
ROADMAP 71
12	9	7	20
10	9	0	17
10	26	34	60
1	26	0	2
ROADMAP 72
25	0	1	61
35	0	0	3
6	0	0	21
ROADMAP 73
26	0	4	13
20	0	0	26
4	0	0	42
2	0	0	7
ROADMAP 74
8	0	73	84
23	0	0	13
43	0	0	24
27	0	0	7
22	0	0	22
13	0	0	7
ROADMAP 75
1	12	68	84
15	12	0	16
46	12	0	7
26	12	0	13
20	12	0	20
ROADMAP 76
4	0	18	42
2	0	0	60
ROADMAP 77
12	0	3	20
10	0	0	60
1	0	0	7
ROADMAP 78
43	0	5	24
27	0	0	7
22	0	0	22
13	0	0	36
ROADMAP 79
14	0	34	84
17	0	0	22
18	0	0	12
ROADMAP 80
6	0	77	84
11	0	0	11
24	0	0	16
55	0	0	5
47	0	32	33
19	0	0	9
9	0	0	27
5	0	0	8
ROADMAP 81
2	0	34	84
25	0	0	34
ROADMAP 82
10	0	24	60
1	0	0	48
ROADMAP 83
46	0	0	7
26	0	0	13
20	0	0	26
4	0	0	38
ROADMAP 84
1	0	34	84
15	0	0	16
46	0	0	7
26	0	0	11
ROADMAP 85
12	8	11	20
10	8	0	60
1	8	0	7
ROADMAP 86
8	0	59	84
23	0	0	13
43	0	0	24
27	0	0	7
22	0	0	15
ROADMAP 87
14	0	62	84
17	0	0	22
18	0	0	32
28	0	0	4
52	0	0	4
ROADMAP 88
9	0	9	19
5	17	9	21
3	17	6	51
ROADMAP 89
22	0	16	22
13	0	0	39
12	0	0	20
10	0	0	19
ROADMAP 90
8	0	5	84
23	0	0	5
ROADMAP 91
22	0	7	22
13	0	0	39
12	0	0	20
10	0	0	10
ROADMAP 92
10	0	27	60
1	0	0	51
ROADMAP 93
14	0	79	84
17	0	0	22
18	0	0	32
28	0	0	4
52	0	0	21
ROADMAP 94
14	0	60	84
17	0	0	22
18	0	0	32
28	0	0	4
52	0	0	2
ROADMAP 95
25	0	2	61
35	0	0	3
6	0	0	22
ROADMAP 96
8	0	77	84
23	0	0	13
43	0	0	24
27	0	0	7
22	0	0	22
13	0	0	11
ROADMAP 97
14	0	19	84
17	0	0	19
ROADMAP 98
18	16	6	32
28	16	0	4
52	16	0	22
42	16	0	16
ROADMAP 99
1	0	60	84
15	0	0	16
46	0	0	7
26	0	0	13
20	0	0	24
ROADMAP 100
4	0	14	42
2	0	0	56
ROADMAP 101
20	0	6	26
4	0	0	42
2	0	0	22
ROADMAP 102
5	0	0	21
3	0	6	69
