ID	lgth	out	in	long_cov	short1_cov	short1_Ocov	short2_cov	short2_Ocov	long_nb	short1_nb	short2_nb
1	59	1	1	0.000000	19.762712	18.677966	0.000000	0.000000	0	0	0
2	75	2	2	0.000000	21.853333	20.666667	0.000000	0.000000	0	0	0
3	1	2	1	0.000000	29.000000	29.000000	0.000000	0.000000	0	0	0
4	18	2	1	0.000000	26.000000	26.000000	0.000000	0.000000	0	0	0
5	51	1	0	0.000000	1.000000	1.000000	0.000000	0.000000	0	0	0
6	6	1	1	0.000000	11.500000	9.333333	0.000000	0.000000	0	0	0
7	39	1	2	0.000000	20.461538	20.256410	0.000000	0.000000	0	0	0
8	2	1	2	0.000000	47.000000	47.000000	0.000000	0.000000	0	0	0
9	3	2	2	0.000000	52.000000	52.000000	0.000000	0.000000	0	0	0
10	1	2	1	0.000000	27.000000	27.000000	0.000000	0.000000	0	0	0
11	36	1	1	0.000000	14.527778	13.888889	0.000000	0.000000	0	0	0
12	16	2	2	0.000000	18.875000	13.937500	0.000000	0.000000	0	0	0
13	18	2	1	0.000000	12.888889	12.166667	0.000000	0.000000	0	0	0
14	6	2	1	0.000000	8.500000	8.500000	0.000000	0.000000	0	0	0
15	2	1	1	0.000000	7.000000	7.000000	0.000000	0.000000	0	0	0
16	1	1	2	0.000000	10.000000	10.000000	0.000000	0.000000	0	0	0
17	1	1	2	0.000000	19.000000	19.000000	0.000000	0.000000	0	0	0
18	2	2	2	0.000000	34.000000	33.000000	0.000000	0.000000	0	0	0
19	1	2	1	0.000000	19.000000	19.000000	0.000000	0.000000	0	0	0
20	15	2	1	0.000000	12.333333	11.533333	0.000000	0.000000	0	0	0
21	2	2	1	0.000000	21.000000	18.500000	0.000000	0.000000	0	0	0
22	3	1	1	0.000000	21.666667	19.333333	0.000000	0.000000	0	0	0
23	1	2	3	0.000000	27.000000	24.000000	0.000000	0.000000	0	0	0
24	15	2	1	0.000000	20.333333	19.800000	0.000000	0.000000	0	0	0
25	2	1	1	0.000000	18.000000	18.000000	0.000000	0.000000	0	0	0
26	2	1	2	0.000000	19.000000	19.000000	0.000000	0.000000	0	0	0
27	6	2	2	0.000000	20.333333	20.000000	0.000000	0.000000	0	0	0
28	18	1	1	0.000000	20.222222	20.222222	0.000000	0.000000	0	0	0
29	115	1	2	0.000000	10.443478	9.843478	0.000000	0.000000	0	0	0
30	50	1	1	0.000000	9.020000	9.020000	0.000000	0.000000	0	0	0
31	1	1	2	0.000000	16.000000	16.000000	0.000000	0.000000	0	0	0
32	3	2	2	0.000000	23.000000	23.000000	0.000000	0.000000	0	0	0
33	2	1	1	0.000000	22.000000	22.000000	0.000000	0.000000	0	0	0
34	1	2	2	0.000000	26.000000	26.000000	0.000000	0.000000	0	0	0
35	1	2	2	0.000000	31.000000	21.000000	0.000000	0.000000	0	0	0
36	2	2	1	0.000000	23.500000	14.000000	0.000000	0.000000	0	0	0
37	16	1	1	0.000000	17.687500	8.375000	0.000000	0.000000	0	0	0
38	430	1	0	0.000000	17.939535	17.181395	0.000000	0.000000	0	0	0
39	1	2	1	0.000000	10.000000	10.000000	0.000000	0.000000	0	0	0
40	16	1	1	0.000000	5.875000	5.875000	0.000000	0.000000	0	0	0
41	1	3	2	0.000000	14.000000	14.000000	0.000000	0.000000	0	0	0
42	6	1	1	0.000000	4.000000	4.000000	0.000000	0.000000	0	0	0
43	13	2	2	0.000000	20.230769	20.230769	0.000000	0.000000	0	0	0
44	2	2	1	0.000000	19.000000	19.000000	0.000000	0.000000	0	0	0
45	2	1	1	0.000000	10.000000	10.000000	0.000000	0.000000	0	0	0
46	1	2	4	0.000000	36.000000	25.000000	0.000000	0.000000	0	0	0
47	18	1	1	0.000000	32.111111	16.666667	0.000000	0.000000	0	0	0
48	1	2	1	0.000000	19.000000	18.000000	0.000000	0.000000	0	0	0
49	6	2	1	0.000000	16.833333	15.833333	0.000000	0.000000	0	0	0
50	4	2	1	0.000000	13.750000	12.750000	0.000000	0.000000	0	0	0
51	128	1	0	0.000000	2.710938	2.710938	0.000000	0.000000	0	0	0
52	3	2	2	0.000000	22.333333	10.000000	0.000000	0.000000	0	0	0
53	4	3	1	0.000000	30.750000	8.000000	0.000000	0.000000	0	0	0
54	273	1	2	0.000000	15.736264	15.567766	0.000000	0.000000	0	0	0
55	37	2	1	0.000000	12.297297	6.000000	0.000000	0.000000	0	0	0
56	11	1	1	0.000000	12.090909	12.090909	0.000000	0.000000	0	0	0
57	1	1	2	0.000000	50.000000	49.000000	0.000000	0.000000	0	0	0
58	1	1	2	0.000000	59.000000	58.000000	0.000000	0.000000	0	0	0
59	4	2	2	0.000000	59.000000	54.500000	0.000000	0.000000	0	0	0
60	2	3	1	0.000000	54.500000	51.500000	0.000000	0.000000	0	0	0
61	2	2	1	0.000000	25.500000	25.500000	0.000000	0.000000	0	0	0
62	2	2	1	0.000000	25.500000	25.500000	0.000000	0.000000	0	0	0
63	17	1	2	0.000000	14.588235	14.411765	0.000000	0.000000	0	0	0
64	1	2	2	0.000000	34.000000	34.000000	0.000000	0.000000	0	0	0
65	1	4	2	0.000000	34.000000	23.000000	0.000000	0.000000	0	0	0
66	1	3	1	0.000000	24.000000	19.000000	0.000000	0.000000	0	0	0
67	1	2	2	0.000000	19.000000	18.000000	0.000000	0.000000	0	0	0
68	1	2	1	0.000000	8.000000	8.000000	0.000000	0.000000	0	0	0
69	2	1	1	0.000000	7.000000	7.000000	0.000000	0.000000	0	0	0
70	1	1	2	0.000000	13.000000	13.000000	0.000000	0.000000	0	0	0
71	1	1	2	0.000000	13.000000	13.000000	0.000000	0.000000	0	0	0
72	55	1	2	0.000000	7.000000	6.581818	0.000000	0.000000	0	0	0
73	3	2	2	0.000000	6.000000	6.000000	0.000000	0.000000	0	0	0
74	2	1	1	0.000000	5.000000	5.000000	0.000000	0.000000	0	0	0
75	1	2	2	0.000000	33.000000	18.000000	0.000000	0.000000	0	0	0
76	1	2	1	0.000000	10.000000	10.000000	0.000000	0.000000	0	0	0
77	431	1	2	0.000000	6.767981	6.526682	0.000000	0.000000	0	0	0
78	1	1	2	0.000000	8.000000	8.000000	0.000000	0.000000	0	0	0
79	7	1	2	0.000000	11.285714	11.285714	0.000000	0.000000	0	0	0
80	373	2	2	0.000000	7.560322	6.319035	0.000000	0.000000	0	0	0
81	7	2	2	0.000000	21.142857	21.142857	0.000000	0.000000	0	0	0
82	10	2	1	0.000000	11.600000	11.600000	0.000000	0.000000	0	0	0
83	8	1	1	0.000000	10.000000	10.000000	0.000000	0.000000	0	0	0
84	10	2	2	0.000000	10.200000	10.200000	0.000000	0.000000	0	0	0
85	1	1	1	0.000000	8.000000	8.000000	0.000000	0.000000	0	0	0
86	4	1	2	0.000000	30.000000	25.000000	0.000000	0.000000	0	0	0
87	3	2	2	0.000000	30.000000	25.000000	0.000000	0.000000	0	0	0
88	202	1	2	0.000000	13.445545	12.876238	0.000000	0.000000	0	0	0
89	8	1	2	0.000000	12.000000	12.000000	0.000000	0.000000	0	0	0
90	15	1	2	0.000000	11.400000	11.400000	0.000000	0.000000	0	0	0
91	29	2	2	0.000000	14.758621	14.758621	0.000000	0.000000	0	0	0
92	45	2	1	0.000000	21.044444	21.044444	0.000000	0.000000	0	0	0
93	28	1	1	0.000000	13.000000	13.000000	0.000000	0.000000	0	0	0
94	164	2	2	0.000000	18.115854	17.201220	0.000000	0.000000	0	0	0
95	63	1	0	0.000000	1.000000	1.000000	0.000000	0.000000	0	0	0
96	2	1	2	0.000000	2.000000	2.000000	0.000000	0.000000	0	0	0
97	2	2	2	0.000000	8.500000	8.500000	0.000000	0.000000	0	0	0
98	3	1	2	0.000000	5.333333	5.333333	0.000000	0.000000	0	0	0
99	4	2	2	0.000000	33.000000	21.000000	0.000000	0.000000	0	0	0
100	195	1	2	0.000000	17.635897	17.461538	0.000000	0.000000	0	0	0
101	266	1	1	0.000000	14.650376	14.097744	0.000000	0.000000	0	0	0
102	37	2	2	0.000000	16.972973	16.972973	0.000000	0.000000	0	0	0
103	23	1	2	0.000000	12.173913	12.173913	0.000000	0.000000	0	0	0
104	85	1	2	0.000000	19.341176	17.752941	0.000000	0.000000	0	0	0
105	186	2	2	0.000000	15.962366	14.881720	0.000000	0.000000	0	0	0
106	23	1	1	0.000000	26.782609	24.086957	0.000000	0.000000	0	0	0
107	132	2	2	0.000000	17.272727	17.272727	0.000000	0.000000	0	0	0
108	25	1	2	0.000000	9.680000	9.680000	0.000000	0.000000	0	0	0
109	91	2	2	0.000000	15.824176	15.824176	0.000000	0.000000	0	0	0
110	17	1	2	0.000000	9.176471	9.176471	0.000000	0.000000	0	0	0
111	134	0	2	0.000000	4.798507	4.798507	0.000000	0.000000	0	0	0
112	832	1	2	0.000000	14.697115	14.223558	0.000000	0.000000	0	0	0
113	78	1	1	0.000000	12.089744	10.448718	0.000000	0.000000	0	0	0
114	168	2	1	0.000000	14.255952	13.708333	0.000000	0.000000	0	0	0
115	13	1	1	0.000000	14.615385	9.000000	0.000000	0.000000	0	0	0
116	3	1	2	0.000000	18.000000	11.000000	0.000000	0.000000	0	0	0
117	8	1	1	0.000000	11.750000	2.750000	0.000000	0.000000	0	0	0
118	5	2	2	0.000000	19.000000	14.400000	0.000000	0.000000	0	0	0
119	22	1	2	0.000000	19.772727	19.772727	0.000000	0.000000	0	0	0
120	11	2	1	0.000000	20.272727	20.272727	0.000000	0.000000	0	0	0
121	1	1	1	0.000000	20.000000	20.000000	0.000000	0.000000	0	0	0
122	1	2	2	0.000000	30.000000	29.000000	0.000000	0.000000	0	0	0
123	10	1	1	0.000000	19.200000	19.200000	0.000000	0.000000	0	0	0
124	11	1	2	0.000000	16.818182	16.818182	0.000000	0.000000	0	0	0
125	329	1	2	0.000000	9.641337	9.483283	0.000000	0.000000	0	0	0
126	32	2	1	0.000000	11.062500	10.343750	0.000000	0.000000	0	0	0
127	5	1	1	0.000000	10.800000	10.800000	0.000000	0.000000	0	0	0
128	1	3	2	0.000000	28.000000	28.000000	0.000000	0.000000	0	0	0
129	1	1	1	0.000000	26.000000	26.000000	0.000000	0.000000	0	0	0
130	1	1	1	0.000000	24.000000	24.000000	0.000000	0.000000	0	0	0
131	2	2	2	0.000000	37.000000	37.000000	0.000000	0.000000	0	0	0
132	1	2	1	0.000000	27.000000	27.000000	0.000000	0.000000	0	0	0
133	5	1	1	0.000000	14.800000	14.800000	0.000000	0.000000	0	0	0
134	2	2	2	0.000000	25.000000	24.000000	0.000000	0.000000	0	0	0
135	6	1	1	0.000000	8.000000	8.000000	0.000000	0.000000	0	0	0
136	365	1	2	0.000000	17.000000	14.745205	0.000000	0.000000	0	0	0
137	7	2	1	0.000000	20.571429	19.571429	0.000000	0.000000	0	0	0
138	21	1	1	0.000000	8.428571	8.428571	0.000000	0.000000	0	0	0
139	8	3	1	0.000000	21.875000	18.000000	0.000000	0.000000	0	0	0
140	23	1	1	0.000000	1.000000	1.000000	0.000000	0.000000	0	0	0
141	26	1	2	0.000000	13.346154	13.346154	0.000000	0.000000	0	0	0
142	62	1	0	0.000000	1.000000	1.000000	0.000000	0.000000	0	0	0
143	2	1	2	0.000000	3.000000	3.000000	0.000000	0.000000	0	0	0
144	1	3	2	0.000000	27.000000	22.000000	0.000000	0.000000	0	0	0
145	1	3	2	0.000000	30.000000	30.000000	0.000000	0.000000	0	0	0
146	1	3	3	0.000000	123.000000	123.000000	0.000000	0.000000	0	0	0
147	1	1	2	0.000000	18.000000	17.000000	0.000000	0.000000	0	0	0
148	1	1	2	0.000000	21.000000	19.000000	0.000000	0.000000	0	0	0
149	26	1	2	0.000000	23.423077	23.423077	0.000000	0.000000	0	0	0
150	300	1	2	0.000000	20.203333	19.390000	0.000000	0.000000	0	0	0
151	23	1	2	0.000000	17.000000	17.000000	0.000000	0.000000	0	0	0
152	324	2	2	0.000000	14.160494	12.870370	0.000000	0.000000	0	0	0
153	96	2	1	0.000000	9.947917	9.937500	0.000000	0.000000	0	0	0
154	273	1	2	0.000000	17.886447	17.282051	0.000000	0.000000	0	0	0
155	148	1	2	0.000000	14.324324	12.695946	0.000000	0.000000	0	0	0
156	1	1	2	0.000000	23.000000	22.000000	0.000000	0.000000	0	0	0
157	3	2	2	0.000000	23.333333	22.333333	0.000000	0.000000	0	0	0
158	2	1	1	0.000000	22.000000	21.000000	0.000000	0.000000	0	0	0
159	5	1	2	0.000000	27.800000	27.000000	0.000000	0.000000	0	0	0
160	1	1	2	0.000000	28.000000	28.000000	0.000000	0.000000	0	0	0
161	1	4	2	0.000000	135.000000	112.000000	0.000000	0.000000	0	0	0
162	5	5	1	0.000000	95.600000	78.800000	0.000000	0.000000	0	0	0
163	6	2	1	0.000000	4.000000	3.333333	0.000000	0.000000	0	0	0
164	13	1	1	0.000000	3.000000	3.000000	0.000000	0.000000	0	0	0
165	4	1	2	0.000000	4.000000	4.000000	0.000000	0.000000	0	0	0
166	1	2	4	0.000000	96.000000	64.000000	0.000000	0.000000	0	0	0
167	3	1	1	0.000000	92.333333	59.333333	0.000000	0.000000	0	0	0
168	2	1	2	0.000000	98.500000	40.500000	0.000000	0.000000	0	0	0
169	2	1	2	0.000000	100.000000	82.000000	0.000000	0.000000	0	0	0
170	1	1	2	0.000000	104.000000	80.000000	0.000000	0.000000	0	0	0
171	1	1	2	0.000000	93.000000	93.000000	0.000000	0.000000	0	0	0
172	3	2	2	0.000000	103.666667	74.666667	0.000000	0.000000	0	0	0
173	3	1	2	0.000000	20.333333	19.333333	0.000000	0.000000	0	0	0
174	1	1	3	0.000000	90.000000	59.000000	0.000000	0.000000	0	0	0
175	11	1	2	0.000000	82.909091	61.545455	0.000000	0.000000	0	0	0
176	2	2	1	0.000000	26.000000	21.500000	0.000000	0.000000	0	0	0
177	90	1	1	0.000000	13.855556	13.600000	0.000000	0.000000	0	0	0
178	23	1	1	0.000000	19.000000	18.347826	0.000000	0.000000	0	0	0
179	88	1	2	0.000000	23.170455	22.568182	0.000000	0.000000	0	0	0
180	105	1	2	0.000000	15.066667	14.447619	0.000000	0.000000	0	0	0
181	18	2	2	0.000000	20.166667	20.166667	0.000000	0.000000	0	0	0
182	4	1	1	0.000000	20.500000	20.500000	0.000000	0.000000	0	0	0
183	19	1	2	0.000000	20.000000	20.000000	0.000000	0.000000	0	0	0
184	4	2	2	0.000000	17.500000	17.500000	0.000000	0.000000	0	0	0
185	19	1	1	0.000000	20.157895	20.157895	0.000000	0.000000	0	0	0
186	2	2	2	0.000000	32.500000	21.000000	0.000000	0.000000	0	0	0
187	20	1	1	0.000000	18.250000	18.150000	0.000000	0.000000	0	0	0
188	28	2	2	0.000000	20.607143	1.321429	0.000000	0.000000	0	0	0
189	22	2	1	0.000000	22.818182	22.818182	0.000000	0.000000	0	0	0
190	1	1	1	0.000000	26.000000	26.000000	0.000000	0.000000	0	0	0
191	5	2	2	0.000000	24.800000	24.800000	0.000000	0.000000	0	0	0
192	23	1	1	0.000000	22.521739	22.130435	0.000000	0.000000	0	0	0
193	6	2	1	0.000000	9.000000	2.000000	0.000000	0.000000	0	0	0
194	9	1	2	0.000000	13.555556	8.000000	0.000000	0.000000	0	0	0
195	1	1	1	0.000000	18.000000	18.000000	0.000000	0.000000	0	0	0
196	1	2	3	0.000000	90.000000	64.000000	0.000000	0.000000	0	0	0
197	2	1	1	0.000000	67.000000	51.500000	0.000000	0.000000	0	0	0
198	4	1	3	0.000000	81.250000	62.000000	0.000000	0.000000	0	0	0
199	595	1	2	0.000000	16.240336	15.448739	0.000000	0.000000	0	0	0
200	81	1	1	0.000000	8.716049	8.148148	0.000000	0.000000	0	0	0
201	255	1	2	0.000000	16.274510	15.407843	0.000000	0.000000	0	0	0
202	51	1	0	0.000000	1.000000	1.000000	0.000000	0.000000	0	0	0
203	6	1	2	0.000000	2.000000	2.000000	0.000000	0.000000	0	0	0
204	2	1	2	0.000000	6.000000	6.000000	0.000000	0.000000	0	0	0
205	2	2	2	0.000000	61.000000	60.500000	0.000000	0.000000	0	0	0
206	2	1	1	0.000000	38.000000	38.000000	0.000000	0.000000	0	0	0
207	1	2	2	0.000000	38.000000	38.000000	0.000000	0.000000	0	0	0
208	1	1	2	0.000000	19.000000	19.000000	0.000000	0.000000	0	0	0
209	2	2	2	0.000000	26.000000	26.000000	0.000000	0.000000	0	0	0
210	2	2	1	0.000000	18.500000	18.500000	0.000000	0.000000	0	0	0
211	128	2	1	0.000000	12.460938	10.765625	0.000000	0.000000	0	0	0
212	123	2	1	0.000000	18.837398	18.113821	0.000000	0.000000	0	0	0
213	5	1	1	0.000000	24.000000	24.000000	0.000000	0.000000	0	0	0
214	10	2	2	0.000000	17.500000	8.300000	0.000000	0.000000	0	0	0
215	32	2	1	0.000000	14.718750	12.937500	0.000000	0.000000	0	0	0
216	46	2	1	0.000000	17.956522	17.956522	0.000000	0.000000	0	0	0
217	19	1	1	0.000000	12.789474	12.789474	0.000000	0.000000	0	0	0
218	4	1	2	0.000000	15.000000	15.000000	0.000000	0.000000	0	0	0
219	1	1	3	0.000000	44.000000	44.000000	0.000000	0.000000	0	0	0
220	2	1	1	0.000000	21.500000	10.000000	0.000000	0.000000	0	0	0
221	9	1	2	0.000000	23.555556	10.555556	0.000000	0.000000	0	0	0
222	1	2	2	0.000000	29.000000	4.000000	0.000000	0.000000	0	0	0
223	32	1	1	0.000000	1.406250	1.406250	0.000000	0.000000	0	0	0
224	368	1	2	0.000000	17.883152	16.747283	0.000000	0.000000	0	0	0
225	49	1	0	0.000000	1.000000	1.000000	0.000000	0.000000	0	0	0
226	1	1	2	0.000000	2.000000	2.000000	0.000000	0.000000	0	0	0
227	1	1	2	0.000000	6.000000	6.000000	0.000000	0.000000	0	0	0
228	342	1	2	0.000000	16.564327	15.777778	0.000000	0.000000	0	0	0
229	55	2	2	0.000000	19.381818	18.363636	0.000000	0.000000	0	0	0
230	79	1	2	0.000000	19.405063	17.898734	0.000000	0.000000	0	0	0
231	13	1	2	0.000000	18.846154	17.384615	0.000000	0.000000	0	0	0
232	9	2	1	0.000000	1.888889	1.888889	0.000000	0.000000	0	0	0
233	14	1	1	0.000000	2.000000	2.000000	0.000000	0.000000	0	0	0
234	4	1	3	0.000000	35.250000	20.500000	0.000000	0.000000	0	0	0
235	2	2	2	0.000000	44.000000	29.500000	0.000000	0.000000	0	0	0
236	2	1	1	0.000000	36.500000	22.000000	0.000000	0.000000	0	0	0
237	1	1	2	0.000000	48.000000	34.000000	0.000000	0.000000	0	0	0
238	2	2	2	0.000000	62.500000	61.500000	0.000000	0.000000	0	0	0
239	3	2	1	0.000000	52.666667	51.666667	0.000000	0.000000	0	0	0
240	1	1	1	0.000000	36.000000	35.000000	0.000000	0.000000	0	0	0
241	44	1	2	0.000000	12.863636	12.250000	0.000000	0.000000	0	0	0
242	249	2	2	0.000000	17.124498	16.706827	0.000000	0.000000	0	0	0
243	50	1	0	0.000000	1.060000	1.060000	0.000000	0.000000	0	0	0
244	2	1	2	0.000000	3.000000	3.000000	0.000000	0.000000	0	0	0
245	1	2	3	0.000000	12.000000	12.000000	0.000000	0.000000	0	0	0
246	23	1	1	0.000000	11.608696	11.608696	0.000000	0.000000	0	0	0
247	249	2	2	0.000000	15.277108	13.979920	0.000000	0.000000	0	0	0
248	38	2	1	0.000000	7.973684	7.078947	0.000000	0.000000	0	0	0
249	48	1	1	0.000000	11.416667	10.854167	0.000000	0.000000	0	0	0
250	13	2	1	0.000000	5.923077	5.923077	0.000000	0.000000	0	0	0
251	6	1	1	0.000000	5.333333	5.333333	0.000000	0.000000	0	0	0
252	4	1	2	0.000000	6.000000	6.000000	0.000000	0.000000	0	0	0
253	1	1	2	0.000000	12.000000	12.000000	0.000000	0.000000	0	0	0
254	884	2	2	0.000000	12.555430	12.248869	0.000000	0.000000	0	0	0
255	182	1	2	0.000000	16.686813	15.956044	0.000000	0.000000	0	0	0
256	70	1	0	0.000000	1.000000	1.000000	0.000000	0.000000	0	0	0
257	5	1	2	0.000000	1.400000	1.400000	0.000000	0.000000	0	0	0
258	1	1	3	0.000000	7.000000	7.000000	0.000000	0.000000	0	0	0
259	74	1	1	0.000000	14.986486	14.810811	0.000000	0.000000	0	0	0
260	490	1	2	0.000000	6.887755	6.824490	0.000000	0.000000	0	0	0
261	28	1	1	0.000000	9.035714	9.035714	0.000000	0.000000	0	0	0
262	69	2	2	0.000000	11.724638	11.724638	0.000000	0.000000	0	0	0
263	364	2	2	0.000000	14.134615	13.601648	0.000000	0.000000	0	0	0
264	346	1	2	0.000000	16.315029	16.034682	0.000000	0.000000	0	0	0
265	23	1	1	0.000000	9.391304	9.391304	0.000000	0.000000	0	0	0
266	95	2	2	0.000000	7.326316	7.326316	0.000000	0.000000	0	0	0
267	31	1	1	0.000000	14.387097	14.161290	0.000000	0.000000	0	0	0
268	324	0	2	0.000000	13.854938	13.308642	0.000000	0.000000	0	0	0
269	93	1	2	0.000000	16.935484	16.752688	0.000000	0.000000	0	0	0
270	2	1	1	0.000000	1.000000	1.000000	0.000000	0.000000	0	0	0
271	5	1	2	0.000000	2.000000	2.000000	0.000000	0.000000	0	0	0
272	2	2	2	0.000000	20.500000	11.500000	0.000000	0.000000	0	0	0
273	5	1	1	0.000000	5.600000	5.600000	0.000000	0.000000	0	0	0
274	13	2	2	0.000000	12.538462	12.538462	0.000000	0.000000	0	0	0
275	5	1	1	0.000000	11.800000	11.800000	0.000000	0.000000	0	0	0
276	5	2	2	0.000000	24.200000	24.200000	0.000000	0.000000	0	0	0
277	19	1	1	0.000000	16.842105	16.263158	0.000000	0.000000	0	0	0
278	11	2	1	0.000000	7.363636	7.363636	0.000000	0.000000	0	0	0
279	320	2	2	0.000000	9.940625	9.500000	0.000000	0.000000	0	0	0
280	109	2	2	0.000000	19.633028	18.908257	0.000000	0.000000	0	0	0
281	2	1	1	0.000000	16.500000	15.000000	0.000000	0.000000	0	0	0
282	64	2	0	0.000000	1.203125	1.203125	0.000000	0.000000	0	0	0
283	1	2	2	0.000000	8.000000	8.000000	0.000000	0.000000	0	0	0
284	2	1	1	0.000000	6.000000	6.000000	0.000000	0.000000	0	0	0
285	0	1	2	Inf	Inf	Inf	Inf	Inf	0	0	0
286	64	2	1	0.000000	16.796875	14.484375	0.000000	0.000000	0	0	0
287	7	2	1	0.000000	21.000000	18.142857	0.000000	0.000000	0	0	0
288	13	2	1	0.000000	17.307692	14.384615	0.000000	0.000000	0	0	0
289	90	1	1	0.000000	8.200000	7.822222	0.000000	0.000000	0	0	0
290	91	1	3	0.000000	19.373626	17.450549	0.000000	0.000000	0	0	0
291	66	0	2	0.000000	10.333333	10.333333	0.000000	0.000000	0	0	0
292	23	1	2	0.000000	17.913043	17.173913	0.000000	0.000000	0	0	0
293	110	0	0	0.000000	3.518182	3.518182	0.000000	0.000000	0	0	0
294	9	1	2	0.000000	18.333333	17.333333	0.000000	0.000000	0	0	0
295	38	2	2	0.000000	15.315789	14.500000	0.000000	0.000000	0	0	0
296	66	1	0	0.000000	1.060606	1.060606	0.000000	0.000000	0	0	0
297	676	1	2	0.000000	19.573964	18.834320	0.000000	0.000000	0	0	0
298	45	2	2	0.000000	23.555556	23.044444	0.000000	0.000000	0	0	0
299	50	2	1	0.000000	13.000000	12.960000	0.000000	0.000000	0	0	0
300	19	1	1	0.000000	7.421053	7.421053	0.000000	0.000000	0	0	0
301	230	1	2	0.000000	16.452174	15.504348	0.000000	0.000000	0	0	0
302	4	1	2	0.000000	18.000000	18.000000	0.000000	0.000000	0	0	0
303	152	0	2	0.000000	12.756579	12.243421	0.000000	0.000000	0	0	0
304	49	1	0	0.000000	1.000000	1.000000	0.000000	0.000000	0	0	0
305	14	1	2	0.000000	7.714286	7.714286	0.000000	0.000000	0	0	0
306	4	2	1	0.000000	24.750000	24.750000	0.000000	0.000000	0	0	0
307	10	2	1	0.000000	21.600000	21.600000	0.000000	0.000000	0	0	0
308	9	1	1	0.000000	19.333333	19.333333	0.000000	0.000000	0	0	0
309	8	2	1	0.000000	23.875000	21.500000	0.000000	0.000000	0	0	0
310	23	1	1	0.000000	13.434783	12.695652	0.000000	0.000000	0	0	0
311	43	1	1	0.000000	21.000000	19.093023	0.000000	0.000000	0	0	0
312	104	2	2	0.000000	16.980769	15.875000	0.000000	0.000000	0	0	0
313	23	1	1	0.000000	2.000000	1.173913	0.000000	0.000000	0	0	0
314	2	1	2	0.000000	11.500000	9.500000	0.000000	0.000000	0	0	0
315	1	2	1	0.000000	9.000000	6.000000	0.000000	0.000000	0	0	0
316	8	1	1	0.000000	7.375000	7.375000	0.000000	0.000000	0	0	0
317	1	1	2	0.000000	23.000000	23.000000	0.000000	0.000000	0	0	0
318	17	1	2	0.000000	23.000000	22.000000	0.000000	0.000000	0	0	0
319	67	1	0	0.000000	1.000000	1.000000	0.000000	0.000000	0	0	0
320	41	1	3	0.000000	13.121951	11.853659	0.000000	0.000000	0	0	0
321	4	1	1	0.000000	13.500000	13.500000	0.000000	0.000000	0	0	0
322	4	1	2	0.000000	29.250000	19.750000	0.000000	0.000000	0	0	0
323	2	1	3	0.000000	29.500000	19.000000	0.000000	0.000000	0	0	0
324	5	3	2	0.000000	29.200000	18.600000	0.000000	0.000000	0	0	0
325	8	1	1	0.000000	11.000000	11.000000	0.000000	0.000000	0	0	0
326	44	1	2	0.000000	8.136364	7.409091	0.000000	0.000000	0	0	0
327	103	1	2	0.000000	17.699029	16.330097	0.000000	0.000000	0	0	0
328	19	1	1	0.000000	15.315789	5.842105	0.000000	0.000000	0	0	0
329	89	1	2	0.000000	5.584270	4.730337	0.000000	0.000000	0	0	0
330	132	1	1	0.000000	8.431818	8.257576	0.000000	0.000000	0	0	0
331	19	2	1	0.000000	11.842105	11.842105	0.000000	0.000000	0	0	0
332	4	1	1	0.000000	9.750000	9.750000	0.000000	0.000000	0	0	0
333	12	2	1	0.000000	14.916667	14.916667	0.000000	0.000000	0	0	0
334	23	1	1	0.000000	1.000000	1.000000	0.000000	0.000000	0	0	0
335	5	1	1	0.000000	22.000000	14.000000	0.000000	0.000000	0	0	0
336	4	1	1	0.000000	11.000000	11.000000	0.000000	0.000000	0	0	0
337	39	1	2	0.000000	7.666667	5.282051	0.000000	0.000000	0	0	0
338	547	1	2	0.000000	17.074954	16.658135	0.000000	0.000000	0	0	0
339	58	1	1	0.000000	15.982759	15.965517	0.000000	0.000000	0	0	0
340	7	2	1	0.000000	26.000000	25.000000	0.000000	0.000000	0	0	0
341	23	1	1	0.000000	1.000000	1.000000	0.000000	0.000000	0	0	0
342	9	1	1	0.000000	1.000000	1.000000	0.000000	0.000000	0	0	0
343	194	2	2	0.000000	12.561856	11.164948	0.000000	0.000000	0	0	0
344	73	1	2	0.000000	12.109589	10.849315	0.000000	0.000000	0	0	0
345	12	1	2	0.000000	17.083333	16.083333	0.000000	0.000000	0	0	0
346	30	1	1	0.000000	6.400000	5.666667	0.000000	0.000000	0	0	0
347	2	2	2	0.000000	50.000000	32.000000	0.000000	0.000000	0	0	0
348	9	2	1	0.000000	41.333333	40.333333	0.000000	0.000000	0	0	0
349	55	1	0	0.000000	1.000000	1.000000	0.000000	0.000000	0	0	0
350	12	1	2	0.000000	21.416667	2.000000	0.000000	0.000000	0	0	0
351	52	1	0	0.000000	1.000000	1.000000	0.000000	0.000000	0	0	0
352	2	2	2	0.000000	2.000000	2.000000	0.000000	0.000000	0	0	0
353	6	1	1	0.000000	1.500000	1.500000	0.000000	0.000000	0	0	0
354	1	1	3	0.000000	9.000000	9.000000	0.000000	0.000000	0	0	0
355	13	1	1	0.000000	17.615385	17.615385	0.000000	0.000000	0	0	0
356	18	1	2	0.000000	20.444444	20.444444	0.000000	0.000000	0	0	0
357	7	2	1	0.000000	16.000000	16.000000	0.000000	0.000000	0	0	0
358	4	1	1	0.000000	14.500000	14.500000	0.000000	0.000000	0	0	0
359	7	1	2	0.000000	16.714286	16.714286	0.000000	0.000000	0	0	0
360	12	1	2	0.000000	18.750000	18.750000	0.000000	0.000000	0	0	0
361	56	1	0	0.000000	1.035714	1.035714	0.000000	0.000000	0	0	0
362	64	1	0	0.000000	1.000000	1.000000	0.000000	0.000000	0	0	0
363	23	1	1	0.000000	1.000000	1.000000	0.000000	0.000000	0	0	0
364	1	1	1	0.000000	12.000000	12.000000	0.000000	0.000000	0	0	0
365	1	2	2	0.000000	13.000000	13.000000	0.000000	0.000000	0	0	0
366	1	2	1	0.000000	10.000000	10.000000	0.000000	0.000000	0	0	0
367	50	1	1	0.000000	8.700000	8.240000	0.000000	0.000000	0	0	0
368	23	1	1	0.000000	1.260870	1.260870	0.000000	0.000000	0	0	0
369	23	1	1	0.000000	2.130435	2.130435	0.000000	0.000000	0	0	0
370	1	2	1	0.000000	20.000000	20.000000	0.000000	0.000000	0	0	0
371	39	1	1	0.000000	13.717949	12.948718	0.000000	0.000000	0	0	0
372	55	1	0	0.000000	1.000000	1.000000	0.000000	0.000000	0	0	0
373	28	1	1	0.000000	1.750000	1.750000	0.000000	0.000000	0	0	0
374	1	2	3	0.000000	8.000000	8.000000	0.000000	0.000000	0	0	0
375	1	1	1	0.000000	4.000000	4.000000	0.000000	0.000000	0	0	0
376	10	2	1	0.000000	11.200000	11.100000	0.000000	0.000000	0	0	0
377	2	1	1	0.000000	8.000000	8.000000	0.000000	0.000000	0	0	0
378	1	1	4	0.000000	136.000000	17.000000	0.000000	0.000000	0	0	0
379	13	2	1	0.000000	3.153846	2.769231	0.000000	0.000000	0	0	0
380	6	1	1	0.000000	1.000000	1.000000	0.000000	0.000000	0	0	0
381	3	1	2	0.000000	6.000000	6.000000	0.000000	0.000000	0	0	0
382	50	1	1	0.000000	1.120000	1.120000	0.000000	0.000000	0	0	0
383	499	2	2	0.000000	15.230461	14.178357	0.000000	0.000000	0	0	0
384	20	2	1	0.000000	7.800000	6.150000	0.000000	0.000000	0	0	0
385	50	1	1	0.000000	8.480000	8.480000	0.000000	0.000000	0	0	0
386	137	0	1	0.000000	8.445255	8.445255	0.000000	0.000000	0	0	0
387	38	1	2	0.000000	4.315789	3.973684	0.000000	0.000000	0	0	0
388	29	1	1	0.000000	6.379310	6.379310	0.000000	0.000000	0	0	0
389	2	1	1	0.000000	16.500000	6.000000	0.000000	0.000000	0	0	0
390	3	1	1	0.000000	17.333333	8.000000	0.000000	0.000000	0	0	0
391	5	1	1	0.000000	1.400000	1.400000	0.000000	0.000000	0	0	0
392	1	2	2	0.000000	8.000000	8.000000	0.000000	0.000000	0	0	0
393	1	2	2	0.000000	32.000000	20.000000	0.000000	0.000000	0	0	0
394	31	1	1	0.000000	25.193548	12.516129	0.000000	0.000000	0	0	0
395	1	1	3	0.000000	28.000000	11.000000	0.000000	0.000000	0	0	0
396	31	1	1	0.000000	23.741935	13.677419	0.000000	0.000000	0	0	0
397	60	1	0	0.000000	1.000000	1.000000	0.000000	0.000000	0	0	0
398	211	1	2	0.000000	7.379147	7.146919	0.000000	0.000000	0	0	0
399	30	1	1	0.000000	14.600000	11.333333	0.000000	0.000000	0	0	0
400	61	1	0	0.000000	1.000000	1.000000	0.000000	0.000000	0	0	0
401	6	1	2	0.000000	2.000000	2.000000	0.000000	0.000000	0	0	0
402	249	1	0	0.000000	3.365462	3.357430	0.000000	0.000000	0	0	0
403	112	2	1	0.000000	5.928571	5.928571	0.000000	0.000000	0	0	0
404	52	1	2	0.000000	11.500000	11.076923	0.000000	0.000000	0	0	0
405	22	1	2	0.000000	7.181818	6.727273	0.000000	0.000000	0	0	0
406	413	0	2	0.000000	10.268765	9.888620	0.000000	0.000000	0	0	0
407	27	1	2	0.000000	10.074074	10.074074	0.000000	0.000000	0	0	0
408	23	1	1	0.000000	6.826087	6.826087	0.000000	0.000000	0	0	0
409	10	1	2	0.000000	9.600000	9.600000	0.000000	0.000000	0	0	0
410	7	1	1	0.000000	9.857143	9.857143	0.000000	0.000000	0	0	0
411	3	1	1	0.000000	10.333333	10.333333	0.000000	0.000000	0	0	0
412	23	1	1	0.000000	11.260870	10.695652	0.000000	0.000000	0	0	0
413	12	2	1	0.000000	19.583333	10.000000	0.000000	0.000000	0	0	0
414	23	1	1	0.000000	1.043478	1.043478	0.000000	0.000000	0	0	0
415	14	1	1	0.000000	17.571429	17.571429	0.000000	0.000000	0	0	0
416	7	2	2	0.000000	21.000000	21.000000	0.000000	0.000000	0	0	0
417	2	1	1	0.000000	19.000000	19.000000	0.000000	0.000000	0	0	0
418	2	2	2	0.000000	25.000000	25.000000	0.000000	0.000000	0	0	0
419	2	2	1	0.000000	19.000000	19.000000	0.000000	0.000000	0	0	0
420	8	1	1	0.000000	15.750000	15.750000	0.000000	0.000000	0	0	0
421	3	2	2	0.000000	2.333333	2.333333	0.000000	0.000000	0	0	0
422	51	1	0	0.000000	1.000000	1.000000	0.000000	0.000000	0	0	0
423	31	1	1	0.000000	18.193548	17.548387	0.000000	0.000000	0	0	0
424	65	1	1	0.000000	18.892308	10.030769	0.000000	0.000000	0	0	0
425	10	1	2	0.000000	18.000000	18.000000	0.000000	0.000000	0	0	0
426	2	1	1	0.000000	1.000000	1.000000	0.000000	0.000000	0	0	0
427	60	2	0	0.000000	1.016667	1.016667	0.000000	0.000000	0	0	0
428	43	1	1	0.000000	1.000000	1.000000	0.000000	0.000000	0	0	0
429	24	1	2	0.000000	9.125000	4.916667	0.000000	0.000000	0	0	0
430	7	1	2	0.000000	11.857143	9.142857	0.000000	0.000000	0	0	0
431	31	1	1	0.000000	1.000000	1.000000	0.000000	0.000000	0	0	0
432	15	1	1	0.000000	12.466667	12.466667	0.000000	0.000000	0	0	0
433	194	2	0	0.000000	11.938144	11.551546	0.000000	0.000000	0	0	0
434	23	1	1	0.000000	13.000000	13.000000	0.000000	0.000000	0	0	0
435	1	2	2	0.000000	11.000000	11.000000	0.000000	0.000000	0	0	0
436	47	1	2	0.000000	20.127660	19.765957	0.000000	0.000000	0	0	0
437	59	2	0	0.000000	1.101695	1.101695	0.000000	0.000000	0	0	0
438	25	1	1	0.000000	1.080000	1.080000	0.000000	0.000000	0	0	0
439	8	2	1	0.000000	14.625000	2.375000	0.000000	0.000000	0	0	0
440	12	1	1	0.000000	2.000000	2.000000	0.000000	0.000000	0	0	0
441	74	1	0	0.000000	1.000000	1.000000	0.000000	0.000000	0	0	0
442	49	1	0	0.000000	1.000000	1.000000	0.000000	0.000000	0	0	0
443	13	1	2	0.000000	18.384615	5.923077	0.000000	0.000000	0	0	0
444	23	1	1	0.000000	2.304348	2.304348	0.000000	0.000000	0	0	0
445	18	1	1	0.000000	1.222222	1.222222	0.000000	0.000000	0	0	0
446	3	2	3	0.000000	4.000000	3.000000	0.000000	0.000000	0	0	0
447	2	1	1	0.000000	2.000000	2.000000	0.000000	0.000000	0	0	0
448	6	1	3	0.000000	7.833333	5.833333	0.000000	0.000000	0	0	0
449	1	1	2	0.000000	11.000000	10.000000	0.000000	0.000000	0	0	0
450	47	1	0	0.000000	1.021277	1.021277	0.000000	0.000000	0	0	0
451	9	1	1	0.000000	15.000000	13.888889	0.000000	0.000000	0	0	0
452	2	1	1	0.000000	5.000000	5.000000	0.000000	0.000000	0	0	0
453	8	1	1	0.000000	6.250000	6.250000	0.000000	0.000000	0	0	0
454	23	1	2	0.000000	8.043478	4.869565	0.000000	0.000000	0	0	0
455	37	2	2	0.000000	9.108108	7.837838	0.000000	0.000000	0	0	0
456	8	1	1	0.000000	2.000000	2.000000	0.000000	0.000000	0	0	0
457	2	3	2	0.000000	3.000000	3.000000	0.000000	0.000000	0	0	0
458	13	1	1	0.000000	1.000000	1.000000	0.000000	0.000000	0	0	0
459	9	1	3	0.000000	22.111111	21.000000	0.000000	0.000000	0	0	0
460	6	1	1	0.000000	14.000000	14.000000	0.000000	0.000000	0	0	0
461	2	1	1	0.000000	10.000000	10.000000	0.000000	0.000000	0	0	0
462	1	2	1	0.000000	7.000000	7.000000	0.000000	0.000000	0	0	0
463	3	1	1	0.000000	5.000000	5.000000	0.000000	0.000000	0	0	0
464	1	1	3	0.000000	7.000000	7.000000	0.000000	0.000000	0	0	0
465	62	1	1	0.000000	7.129032	7.129032	0.000000	0.000000	0	0	0
466	7	2	2	0.000000	6.571429	6.571429	0.000000	0.000000	0	0	0
467	4	1	2	0.000000	17.500000	17.500000	0.000000	0.000000	0	0	0
468	23	1	1	0.000000	1.000000	1.000000	0.000000	0.000000	0	0	0
469	23	1	1	0.000000	1.000000	1.000000	0.000000	0.000000	0	0	0
470	250	2	0	0.000000	15.728000	15.184000	0.000000	0.000000	0	0	0
471	20	1	2	0.000000	19.750000	18.850000	0.000000	0.000000	0	0	0
472	33	1	2	0.000000	11.818182	11.303030	0.000000	0.000000	0	0	0
473	15	2	2	0.000000	7.866667	7.866667	0.000000	0.000000	0	0	0
474	64	1	0	0.000000	1.000000	1.000000	0.000000	0.000000	0	0	0
475	27	1	1	0.000000	1.740741	1.740741	0.000000	0.000000	0	0	0
476	51	1	0	0.000000	1.000000	1.000000	0.000000	0.000000	0	0	0
477	44	1	2	0.000000	22.636364	21.590909	0.000000	0.000000	0	0	0
478	2	2	2	0.000000	9.000000	9.000000	0.000000	0.000000	0	0	0
479	8	2	1	0.000000	8.375000	8.375000	0.000000	0.000000	0	0	0
480	10	1	1	0.000000	7.600000	7.600000	0.000000	0.000000	0	0	0
481	5	1	2	0.000000	9.200000	9.200000	0.000000	0.000000	0	0	0
482	2	1	1	0.000000	23.000000	11.500000	0.000000	0.000000	0	0	0
483	4	1	1	0.000000	9.000000	9.000000	0.000000	0.000000	0	0	0
484	49	1	2	0.000000	9.959184	9.959184	0.000000	0.000000	0	0	0
485	23	1	1	0.000000	1.000000	1.000000	0.000000	0.000000	0	0	0
486	66	1	0	0.000000	1.000000	1.000000	0.000000	0.000000	0	0	0
487	1	1	2	0.000000	21.000000	20.000000	0.000000	0.000000	0	0	0
488	55	1	0	0.000000	1.054545	1.054545	0.000000	0.000000	0	0	0
489	1	1	2	0.000000	21.000000	19.000000	0.000000	0.000000	0	0	0
490	145	1	2	0.000000	13.372414	12.903448	0.000000	0.000000	0	0	0
491	3	2	2	0.000000	15.333333	11.333333	0.000000	0.000000	0	0	0
492	280	0	2	0.000000	15.660714	14.046429	0.000000	0.000000	0	0	0
493	49	2	2	0.000000	17.020408	16.428571	0.000000	0.000000	0	0	0
494	1	2	2	0.000000	37.000000	17.000000	0.000000	0.000000	0	0	0
495	5	1	1	0.000000	1.000000	1.000000	0.000000	0.000000	0	0	0
496	43	1	1	0.000000	1.000000	1.000000	0.000000	0.000000	0	0	0
497	20	2	1	0.000000	5.200000	5.150000	0.000000	0.000000	0	0	0
498	17	1	1	0.000000	1.352941	1.352941	0.000000	0.000000	0	0	0
499	2	2	4	0.000000	6.000000	6.000000	0.000000	0.000000	0	0	0
500	14	1	1	0.000000	3.357143	3.357143	0.000000	0.000000	0	0	0
501	30	1	1	0.000000	1.000000	1.000000	0.000000	0.000000	0	0	0
502	16	2	1	0.000000	1.062500	1.062500	0.000000	0.000000	0	0	0
503	6	2	1	0.000000	1.666667	1.666667	0.000000	0.000000	0	0	0
504	24	1	1	0.000000	1.000000	1.000000	0.000000	0.000000	0	0	0
505	6	1	1	0.000000	6.000000	5.000000	0.000000	0.000000	0	0	0
506	74	1	0	0.000000	1.013514	1.013514	0.000000	0.000000	0	0	0
507	4	1	1	0.000000	2.000000	2.000000	0.000000	0.000000	0	0	0
508	2	1	2	0.000000	4.000000	4.000000	0.000000	0.000000	0	0	0
509	1	1	2	0.000000	5.000000	5.000000	0.000000	0.000000	0	0	0
510	41	1	1	0.000000	1.000000	1.000000	0.000000	0.000000	0	0	0
511	68	1	0	0.000000	1.000000	1.000000	0.000000	0.000000	0	0	0
512	4	2	2	0.000000	26.250000	26.250000	0.000000	0.000000	0	0	0
513	44	1	1	0.000000	2.113636	2.113636	0.000000	0.000000	0	0	0
514	58	1	0	0.000000	1.000000	1.000000	0.000000	0.000000	0	0	0
515	1	2	1	0.000000	22.000000	2.000000	0.000000	0.000000	0	0	0
516	3	1	2	0.000000	3.000000	1.666667	0.000000	0.000000	0	0	0
517	73	1	1	0.000000	1.000000	1.000000	0.000000	0.000000	0	0	0
518	40	1	1	0.000000	2.550000	2.550000	0.000000	0.000000	0	0	0
519	44	1	1	0.000000	4.840909	4.840909	0.000000	0.000000	0	0	0
520	23	1	1	0.000000	1.000000	1.000000	0.000000	0.000000	0	0	0
521	54	1	1	0.000000	1.000000	1.000000	0.000000	0.000000	0	0	0
522	46	1	0	0.000000	1.000000	1.000000	0.000000	0.000000	0	0	0
523	13	1	1	0.000000	5.615385	4.846154	0.000000	0.000000	0	0	0
524	8	1	1	0.000000	1.000000	1.000000	0.000000	0.000000	0	0	0
525	5	1	1	0.000000	2.800000	2.800000	0.000000	0.000000	0	0	0
526	10	1	2	0.000000	3.000000	2.000000	0.000000	0.000000	0	0	0
527	7	2	2	0.000000	12.285714	3.000000	0.000000	0.000000	0	0	0
528	8	1	1	0.000000	1.000000	1.000000	0.000000	0.000000	0	0	0
529	62	0	1	0.000000	4.693548	4.693548	0.000000	0.000000	0	0	0
530	3	2	1	0.000000	6.666667	6.666667	0.000000	0.000000	0	0	0
531	3	1	1	0.000000	3.333333	1.333333	0.000000	0.000000	0	0	0
532	3	2	2	0.000000	4.000000	4.000000	0.000000	0.000000	0	0	0
533	3	2	1	0.000000	3.000000	3.000000	0.000000	0.000000	0	0	0
534	3	1	1	0.000000	3.000000	3.000000	0.000000	0.000000	0	0	0
535	3	1	2	0.000000	3.333333	3.333333	0.000000	0.000000	0	0	0
536	3	2	2	0.000000	4.000000	4.000000	0.000000	0.000000	0	0	0
537	4	1	1	0.000000	1.000000	1.000000	0.000000	0.000000	0	0	0
538	13	1	1	0.000000	1.000000	1.000000	0.000000	0.000000	0	0	0
539	4	1	1	0.000000	3.250000	3.250000	0.000000	0.000000	0	0	0
540	1	4	4	0.000000	86.000000	86.000000	0.000000	0.000000	0	0	0
541	62	1	0	0.000000	1.000000	1.000000	0.000000	0.000000	0	0	0
542	17	1	1	0.000000	4.235294	3.352941	0.000000	0.000000	0	0	0
543	6	1	2	0.000000	4.166667	2.666667	0.000000	0.000000	0	0	0
544	47	1	0	0.000000	1.042553	1.042553	0.000000	0.000000	0	0	0
545	64	1	0	0.000000	1.000000	1.000000	0.000000	0.000000	0	0	0
546	3	1	2	0.000000	2.000000	2.000000	0.000000	0.000000	0	0	0
547	3	1	2	0.000000	3.333333	3.333333	0.000000	0.000000	0	0	0
548	312	1	2	0.000000	16.660256	14.753205	0.000000	0.000000	0	0	0
549	1	2	1	0.000000	5.000000	5.000000	0.000000	0.000000	0	0	0
550	3	1	1	0.000000	1.000000	1.000000	0.000000	0.000000	0	0	0
551	7	1	1	0.000000	1.000000	1.000000	0.000000	0.000000	0	0	0
552	5	1	2	0.000000	3.600000	3.600000	0.000000	0.000000	0	0	0
553	47	1	0	0.000000	1.000000	1.000000	0.000000	0.000000	0	0	0
554	64	1	0	0.000000	1.000000	1.000000	0.000000	0.000000	0	0	0
555	14	1	1	0.000000	5.214286	5.214286	0.000000	0.000000	0	0	0
556	16	1	1	0.000000	18.562500	1.000000	0.000000	0.000000	0	0	0
557	22	1	2	0.000000	12.727273	10.681818	0.000000	0.000000	0	0	0
558	1	1	2	0.000000	5.000000	5.000000	0.000000	0.000000	0	0	0
559	57	1	0	0.000000	1.122807	1.122807	0.000000	0.000000	0	0	0
560	1	1	2	0.000000	3.000000	3.000000	0.000000	0.000000	0	0	0
561	9	2	1	0.000000	3.555556	3.555556	0.000000	0.000000	0	0	0
562	6	1	1	0.000000	9.000000	9.000000	0.000000	0.000000	0	0	0
563	23	1	1	0.000000	1.000000	1.000000	0.000000	0.000000	0	0	0
564	60	1	0	0.000000	1.000000	1.000000	0.000000	0.000000	0	0	0
565	8	1	1	0.000000	14.375000	1.625000	0.000000	0.000000	0	0	0
566	14	2	1	0.000000	1.785714	1.785714	0.000000	0.000000	0	0	0
567	23	1	1	0.000000	1.000000	1.000000	0.000000	0.000000	0	0	0
568	51	1	0	0.000000	1.098039	1.098039	0.000000	0.000000	0	0	0
569	2	2	2	0.000000	3.000000	3.000000	0.000000	0.000000	0	0	0
570	79	2	0	0.000000	1.898734	1.898734	0.000000	0.000000	0	0	0
571	9	1	1	0.000000	3.000000	3.000000	0.000000	0.000000	0	0	0
572	3	2	1	0.000000	13.333333	13.333333	0.000000	0.000000	0	0	0
573	1	1	1	0.000000	8.000000	8.000000	0.000000	0.000000	0	0	0
574	59	1	0	0.000000	1.000000	1.000000	0.000000	0.000000	0	0	0
575	23	1	1	0.000000	1.000000	1.000000	0.000000	0.000000	0	0	0
576	19	2	1	0.000000	9.842105	5.315789	0.000000	0.000000	0	0	0
577	62	1	0	0.000000	1.000000	1.000000	0.000000	0.000000	0	0	0
578	6	2	2	0.000000	2.000000	2.000000	0.000000	0.000000	0	0	0
579	5	1	2	0.000000	27.200000	1.400000	0.000000	0.000000	0	0	0
580	67	1	0	0.000000	1.283582	1.283582	0.000000	0.000000	0	0	0
581	703	1	2	0.000000	17.019915	16.472262	0.000000	0.000000	0	0	0
582	23	1	1	0.000000	1.260870	1.260870	0.000000	0.000000	0	0	0
583	75	1	0	0.000000	1.106667	1.106667	0.000000	0.000000	0	0	0
584	1	1	2	0.000000	4.000000	4.000000	0.000000	0.000000	0	0	0
585	2	1	2	0.000000	5.000000	5.000000	0.000000	0.000000	0	0	0
586	1	1	1	0.000000	5.000000	5.000000	0.000000	0.000000	0	0	0
587	23	1	1	0.000000	1.000000	1.000000	0.000000	0.000000	0	0	0
588	2	1	1	0.000000	9.000000	9.000000	0.000000	0.000000	0	0	0
589	3	1	2	0.000000	10.666667	10.666667	0.000000	0.000000	0	0	0
590	8	1	1	0.000000	1.000000	1.000000	0.000000	0.000000	0	0	0
591	65	1	1	0.000000	1.000000	1.000000	0.000000	0.000000	0	0	0
592	240	2	2	0.000000	6.720833	6.150000	0.000000	0.000000	0	0	0
593	7	1	1	0.000000	2.000000	2.000000	0.000000	0.000000	0	0	0
594	16	1	2	0.000000	1.625000	1.625000	0.000000	0.000000	0	0	0
595	23	1	1	0.000000	1.000000	1.000000	0.000000	0.000000	0	0	0
596	31	1	1	0.000000	1.419355	1.419355	0.000000	0.000000	0	0	0
597	15	1	1	0.000000	1.000000	1.000000	0.000000	0.000000	0	0	0
598	56	1	0	0.000000	1.000000	1.000000	0.000000	0.000000	0	0	0
599	57	1	0	0.000000	1.000000	1.000000	0.000000	0.000000	0	0	0
600	23	1	1	0.000000	1.000000	1.000000	0.000000	0.000000	0	0	0
601	64	0	0	0.000000	1.000000	1.000000	0.000000	0.000000	0	0	0
602	3	1	2	0.000000	4.000000	4.000000	0.000000	0.000000	0	0	0
603	32	1	1	0.000000	1.000000	1.000000	0.000000	0.000000	0	0	0
604	24	1	1	0.000000	1.000000	1.000000	0.000000	0.000000	0	0	0
605	60	1	0	0.000000	1.000000	1.000000	0.000000	0.000000	0	0	0
606	70	1	0	0.000000	1.000000	1.000000	0.000000	0.000000	0	0	0
607	50	1	0	0.000000	1.000000	1.000000	0.000000	0.000000	0	0	0
608	64	1	0	0.000000	1.078125	1.078125	0.000000	0.000000	0	0	0
609	24	1	1	0.000000	1.000000	1.000000	0.000000	0.000000	0	0	0
610	3	1	1	0.000000	2.000000	1.000000	0.000000	0.000000	0	0	0
611	23	1	1	0.000000	4.000000	2.565217	0.000000	0.000000	0	0	0
612	9	1	1	0.000000	1.000000	1.000000	0.000000	0.000000	0	0	0
613	39	1	1	0.000000	1.051282	1.051282	0.000000	0.000000	0	0	0
614	20	1	1	0.000000	1.050000	1.050000	0.000000	0.000000	0	0	0
615	1	1	1	0.000000	6.000000	6.000000	0.000000	0.000000	0	0	0
616	9	1	1	0.000000	1.000000	1.000000	0.000000	0.000000	0	0	0
617	6	1	1	0.000000	2.166667	2.166667	0.000000	0.000000	0	0	0
618	10	1	1	0.000000	1.000000	1.000000	0.000000	0.000000	0	0	0
619	50	1	0	0.000000	1.000000	1.000000	0.000000	0.000000	0	0	0
620	17	1	1	0.000000	1.647059	1.647059	0.000000	0.000000	0	0	0
621	1	1	1	0.000000	2.000000	2.000000	0.000000	0.000000	0	0	0
622	59	1	1	0.000000	1.000000	1.000000	0.000000	0.000000	0	0	0
623	23	1	1	0.000000	1.260870	1.260870	0.000000	0.000000	0	0	0
624	49	1	1	0.000000	1.000000	1.000000	0.000000	0.000000	0	0	0
625	2	1	1	0.000000	1.500000	1.500000	0.000000	0.000000	0	0	0
626	43	1	2	0.000000	1.023256	1.023256	0.000000	0.000000	0	0	0
627	48	1	0	0.000000	1.000000	1.000000	0.000000	0.000000	0	0	0
628	47	1	0	0.000000	1.000000	1.000000	0.000000	0.000000	0	0	0
629	4	1	2	0.000000	2.000000	2.000000	0.000000	0.000000	0	0	0
630	59	1	0	0.000000	1.000000	1.000000	0.000000	0.000000	0	0	0
631	2	1	1	0.000000	1.000000	1.000000	0.000000	0.000000	0	0	0
632	49	1	0	0.000000	1.000000	1.000000	0.000000	0.000000	0	0	0
633	62	1	0	0.000000	1.000000	1.000000	0.000000	0.000000	0	0	0
634	52	1	0	0.000000	1.000000	1.000000	0.000000	0.000000	0	0	0
635	1	2	1	0.000000	4.000000	4.000000	0.000000	0.000000	0	0	0
636	60	1	0	0.000000	1.000000	1.000000	0.000000	0.000000	0	0	0
637	46	1	0	0.000000	1.000000	1.000000	0.000000	0.000000	0	0	0
638	28	1	1	0.000000	1.000000	1.000000	0.000000	0.000000	0	0	0
639	14	1	1	0.000000	2.500000	2.500000	0.000000	0.000000	0	0	0
640	9	2	1	0.000000	1.111111	1.111111	0.000000	0.000000	0	0	0
641	1	1	1	0.000000	1.000000	1.000000	0.000000	0.000000	0	0	0
642	2	1	2	0.000000	3.000000	3.000000	0.000000	0.000000	0	0	0
643	23	1	1	0.000000	1.000000	1.000000	0.000000	0.000000	0	0	0
644	29	2	1	0.000000	1.137931	1.137931	0.000000	0.000000	0	0	0
645	23	1	1	0.000000	1.000000	1.000000	0.000000	0.000000	0	0	0
646	35	1	1	0.000000	1.171429	1.171429	0.000000	0.000000	0	0	0
647	2	1	1	0.000000	1.000000	1.000000	0.000000	0.000000	0	0	0
648	31	1	1	0.000000	1.000000	1.000000	0.000000	0.000000	0	0	0
649	23	1	1	0.000000	1.000000	1.000000	0.000000	0.000000	0	0	0
650	70	1	0	0.000000	1.000000	1.000000	0.000000	0.000000	0	0	0
651	1	1	1	0.000000	7.000000	7.000000	0.000000	0.000000	0	0	0
652	45	1	1	0.000000	1.000000	1.000000	0.000000	0.000000	0	0	0
653	60	1	0	0.000000	1.000000	1.000000	0.000000	0.000000	0	0	0
654	47	1	1	0.000000	1.957447	1.404255	0.000000	0.000000	0	0	0
655	23	1	1	0.000000	1.000000	1.000000	0.000000	0.000000	0	0	0
656	55	1	0	0.000000	1.018182	1.018182	0.000000	0.000000	0	0	0
657	63	1	0	0.000000	1.000000	1.000000	0.000000	0.000000	0	0	0
658	54	1	0	0.000000	1.000000	1.000000	0.000000	0.000000	0	0	0
659	55	1	0	0.000000	1.000000	1.000000	0.000000	0.000000	0	0	0
660	1	1	2	0.000000	2.000000	2.000000	0.000000	0.000000	0	0	0
661	29	1	1	0.000000	1.000000	1.000000	0.000000	0.000000	0	0	0
662	7	1	2	0.000000	1.714286	1.714286	0.000000	0.000000	0	0	0
663	2	1	1	0.000000	2.000000	2.000000	0.000000	0.000000	0	0	0
664	15	2	2	0.000000	13.733333	1.933333	0.000000	0.000000	0	0	0
665	29	1	1	0.000000	1.000000	1.000000	0.000000	0.000000	0	0	0
666	76	1	0	0.000000	1.000000	1.000000	0.000000	0.000000	0	0	0
667	23	1	1	0.000000	1.000000	1.000000	0.000000	0.000000	0	0	0
668	59	1	0	0.000000	1.000000	1.000000	0.000000	0.000000	0	0	0
669	8	1	1	0.000000	1.000000	1.000000	0.000000	0.000000	0	0	0
670	9	1	1	0.000000	22.111111	10.222222	0.000000	0.000000	0	0	0
671	2	1	1	0.000000	1.000000	1.000000	0.000000	0.000000	0	0	0
672	51	1	0	0.000000	1.000000	1.000000	0.000000	0.000000	0	0	0
673	23	1	1	0.000000	1.000000	1.000000	0.000000	0.000000	0	0	0
674	52	1	0	0.000000	1.000000	1.000000	0.000000	0.000000	0	0	0
675	57	1	0	0.000000	1.000000	1.000000	0.000000	0.000000	0	0	0
676	20	1	1	0.000000	1.000000	1.000000	0.000000	0.000000	0	0	0
677	3	1	2	0.000000	2.000000	2.000000	0.000000	0.000000	0	0	0
678	1	1	1	0.000000	19.000000	5.000000	0.000000	0.000000	0	0	0
679	48	1	0	0.000000	1.000000	1.000000	0.000000	0.000000	0	0	0
680	2	1	2	0.000000	2.000000	2.000000	0.000000	0.000000	0	0	0
681	67	1	0	0.000000	1.000000	1.000000	0.000000	0.000000	0	0	0
682	63	1	0	0.000000	1.000000	1.000000	0.000000	0.000000	0	0	0
683	16	1	1	0.000000	1.000000	1.000000	0.000000	0.000000	0	0	0
684	54	1	1	0.000000	1.000000	1.000000	0.000000	0.000000	0	0	0
685	23	1	1	0.000000	1.000000	1.000000	0.000000	0.000000	0	0	0
686	50	1	0	0.000000	1.000000	1.000000	0.000000	0.000000	0	0	0
687	11	2	1	0.000000	1.090909	1.090909	0.000000	0.000000	0	0	0
688	5	1	1	0.000000	1.800000	1.800000	0.000000	0.000000	0	0	0
689	47	1	0	0.000000	1.000000	1.000000	0.000000	0.000000	0	0	0
690	59	1	0	0.000000	1.000000	1.000000	0.000000	0.000000	0	0	0
691	67	1	0	0.000000	1.000000	1.000000	0.000000	0.000000	0	0	0
692	1	1	2	0.000000	2.000000	2.000000	0.000000	0.000000	0	0	0
693	23	1	1	0.000000	1.000000	1.000000	0.000000	0.000000	0	0	0
694	53	1	0	0.000000	1.000000	1.000000	0.000000	0.000000	0	0	0
695	57	1	0	0.000000	1.000000	1.000000	0.000000	0.000000	0	0	0
696	65	1	0	0.000000	1.000000	1.000000	0.000000	0.000000	0	0	0
697	59	1	0	0.000000	1.000000	1.000000	0.000000	0.000000	0	0	0
698	29	1	1	0.000000	1.000000	1.000000	0.000000	0.000000	0	0	0
699	23	1	1	0.000000	1.000000	1.000000	0.000000	0.000000	0	0	0
700	65	1	0	0.000000	1.000000	1.000000	0.000000	0.000000	0	0	0
701	50	1	0	0.000000	1.000000	1.000000	0.000000	0.000000	0	0	0
702	52	1	0	0.000000	1.000000	1.000000	0.000000	0.000000	0	0	0
703	9	1	1	0.000000	1.000000	1.000000	0.000000	0.000000	0	0	0
704	52	1	1	0.000000	1.000000	1.000000	0.000000	0.000000	0	0	0
705	29	1	1	0.000000	1.000000	1.000000	0.000000	0.000000	0	0	0
706	65	1	0	0.000000	1.000000	1.000000	0.000000	0.000000	0	0	0
707	23	1	1	0.000000	1.043478	1.043478	0.000000	0.000000	0	0	0
708	46	1	0	0.000000	1.000000	1.000000	0.000000	0.000000	0	0	0
709	49	1	1	0.000000	1.000000	1.000000	0.000000	0.000000	0	0	0
710	72	1	0	0.000000	1.000000	1.000000	0.000000	0.000000	0	0	0
711	50	1	0	0.000000	1.000000	1.000000	0.000000	0.000000	0	0	0
712	75	1	0	0.000000	1.000000	1.000000	0.000000	0.000000	0	0	0
713	6	1	1	0.000000	1.000000	1.000000	0.000000	0.000000	0	0	0
714	66	1	0	0.000000	1.000000	1.000000	0.000000	0.000000	0	0	0
715	59	1	0	0.000000	1.000000	1.000000	0.000000	0.000000	0	0	0
716	1	1	2	0.000000	2.000000	2.000000	0.000000	0.000000	0	0	0
717	48	1	0	0.000000	1.000000	1.000000	0.000000	0.000000	0	0	0
718	1	2	2	0.000000	13.000000	2.000000	0.000000	0.000000	0	0	0
719	23	1	1	0.000000	1.000000	1.000000	0.000000	0.000000	0	0	0
720	49	1	0	0.000000	1.000000	1.000000	0.000000	0.000000	0	0	0
721	67	1	0	0.000000	1.000000	1.000000	0.000000	0.000000	0	0	0
722	23	1	1	0.000000	1.000000	1.000000	0.000000	0.000000	0	0	0
723	62	1	0	0.000000	1.000000	1.000000	0.000000	0.000000	0	0	0
724	5	1	1	0.000000	1.000000	1.000000	0.000000	0.000000	0	0	0
725	2	1	1	0.000000	1.000000	1.000000	0.000000	0.000000	0	0	0
726	17	1	1	0.000000	1.000000	1.000000	0.000000	0.000000	0	0	0
727	15	1	1	0.000000	1.000000	1.000000	0.000000	0.000000	0	0	0
728	34	1	2	0.000000	1.235294	1.235294	0.000000	0.000000	0	0	0
729	5	1	1	0.000000	1.200000	1.200000	0.000000	0.000000	0	0	0
730	24	1	1	0.000000	1.000000	1.000000	0.000000	0.000000	0	0	0
731	4	1	1	0.000000	1.000000	1.000000	0.000000	0.000000	0	0	0
732	8	1	1	0.000000	1.000000	1.000000	0.000000	0.000000	0	0	0
733	1	1	1	0.000000	1.000000	1.000000	0.000000	0.000000	0	0	0
734	64	1	0	0.000000	1.000000	1.000000	0.000000	0.000000	0	0	0
735	49	1	0	0.000000	1.000000	1.000000	0.000000	0.000000	0	0	0
736	30	1	1	0.000000	1.000000	1.000000	0.000000	0.000000	0	0	0
737	12	1	1	0.000000	12.916667	1.166667	0.000000	0.000000	0	0	0
738	23	1	1	0.000000	1.000000	1.000000	0.000000	0.000000	0	0	0
739	71	1	0	0.000000	1.000000	1.000000	0.000000	0.000000	0	0	0
740	3	1	1	0.000000	1.000000	1.000000	0.000000	0.000000	0	0	0
741	23	1	1	0.000000	1.000000	1.000000	0.000000	0.000000	0	0	0
742	5	1	1	0.000000	1.000000	1.000000	0.000000	0.000000	0	0	0
743	23	1	1	0.000000	1.000000	1.000000	0.000000	0.000000	0	0	0
744	3	1	1	0.000000	1.000000	1.000000	0.000000	0.000000	0	0	0
745	2	1	1	0.000000	1.000000	1.000000	0.000000	0.000000	0	0	0
746	67	1	0	0.000000	1.000000	1.000000	0.000000	0.000000	0	0	0
747	59	1	0	0.000000	1.000000	1.000000	0.000000	0.000000	0	0	0
748	68	1	0	0.000000	1.000000	1.000000	0.000000	0.000000	0	0	0
749	23	1	1	0.000000	1.000000	1.000000	0.000000	0.000000	0	0	0
750	18	1	1	0.000000	2.000000	1.000000	0.000000	0.000000	0	0	0
751	16	1	1	0.000000	1.000000	1.000000	0.000000	0.000000	0	0	0
752	46	1	0	0.000000	1.000000	1.000000	0.000000	0.000000	0	0	0
753	27	1	1	0.000000	1.000000	1.000000	0.000000	0.000000	0	0	0
754	23	1	1	0.000000	1.000000	1.000000	0.000000	0.000000	0	0	0
755	52	1	0	0.000000	1.000000	1.000000	0.000000	0.000000	0	0	0
756	60	1	0	0.000000	1.000000	1.000000	0.000000	0.000000	0	0	0
757	55	1	0	0.000000	1.000000	1.000000	0.000000	0.000000	0	0	0
758	75	1	0	0.000000	1.000000	1.000000	0.000000	0.000000	0	0	0
759	73	1	0	0.000000	1.000000	1.000000	0.000000	0.000000	0	0	0
760	53	1	0	0.000000	1.000000	1.000000	0.000000	0.000000	0	0	0
761	50	1	0	0.000000	1.000000	1.000000	0.000000	0.000000	0	0	0
762	66	1	0	0.000000	1.000000	1.000000	0.000000	0.000000	0	0	0
763	5	1	1	0.000000	8.000000	1.000000	0.000000	0.000000	0	0	0
764	23	1	1	0.000000	1.000000	1.000000	0.000000	0.000000	0	0	0
765	48	1	0	0.000000	1.000000	1.000000	0.000000	0.000000	0	0	0
766	64	1	0	0.000000	1.000000	1.000000	0.000000	0.000000	0	0	0
767	12	1	1	0.000000	1.000000	1.000000	0.000000	0.000000	0	0	0
768	43	1	1	0.000000	1.000000	1.000000	0.000000	0.000000	0	0	0
769	23	1	1	0.000000	1.000000	1.000000	0.000000	0.000000	0	0	0
770	16	1	1	0.000000	1.000000	1.000000	0.000000	0.000000	0	0	0
771	12	1	1	0.000000	1.000000	1.000000	0.000000	0.000000	0	0	0
772	56	1	0	0.000000	1.000000	1.000000	0.000000	0.000000	0	0	0
773	53	1	0	0.000000	1.000000	1.000000	0.000000	0.000000	0	0	0
774	23	1	1	0.000000	1.000000	1.000000	0.000000	0.000000	0	0	0
775	3	1	1	0.000000	1.000000	1.000000	0.000000	0.000000	0	0	0
776	23	1	1	0.000000	1.000000	1.000000	0.000000	0.000000	0	0	0
