780	0	25	1
ROADMAP 1
ROADMAP 2
ROADMAP 3
ROADMAP 4
ROADMAP 5
ROADMAP 6
ROADMAP 7
ROADMAP 8
ROADMAP 9
ROADMAP 10
ROADMAP 11
ROADMAP 12
ROADMAP 13
ROADMAP 14
ROADMAP 15
ROADMAP 16
ROADMAP 17
3	13	0	13
ROADMAP 18
ROADMAP 19
ROADMAP 20
2	18	0	8
ROADMAP 21
6	0	2	26
ROADMAP 22
ROADMAP 23
ROADMAP 24
ROADMAP 25
17	3	0	13
3	3	0	10
ROADMAP 26
10	0	10	26
ROADMAP 27
ROADMAP 28
ROADMAP 29
ROADMAP 30
16	0	16	26
1	11	0	5
ROADMAP 31
ROADMAP 32
ROADMAP 33
ROADMAP 34
6	0	20	26
21	0	0	2
ROADMAP 35
12	0	14	26
ROADMAP 36
ROADMAP 37
ROADMAP 38
36	0	9	26
ROADMAP 39
6	19	0	7
ROADMAP 40
ROADMAP 41
ROADMAP 42
41	22	0	4
ROADMAP 43
ROADMAP 44
ROADMAP 45
ROADMAP 46
44	9	0	17
ROADMAP 47
4	24	0	2
ROADMAP 48
3	0	16	26
ROADMAP 49
ROADMAP 50
10	0	13	26
26	0	0	10
ROADMAP 51
12	0	21	26
35	0	0	14
ROADMAP 52
7	15	0	11
ROADMAP 53
ROADMAP 54
48	0	6	16
ROADMAP 55
50	0	2	3
ROADMAP 56
29	21	0	5
ROADMAP 57
40	9	0	17
ROADMAP 58
ROADMAP 59
27	8	0	18
ROADMAP 60
41	0	17	26
ROADMAP 61
ROADMAP 62
36	18	0	8
ROADMAP 63
ROADMAP 64
43	20	0	6
ROADMAP 65
ROADMAP 66
19	0	18	26
ROADMAP 67
ROADMAP 68
ROADMAP 69
19	0	24	26
66	0	0	18
ROADMAP 70
24	19	0	7
ROADMAP 71
2	0	12	26
ROADMAP 72
5	0	14	26
ROADMAP 73
ROADMAP 74
31	2	0	24
ROADMAP 75
13	7	0	19
ROADMAP 76
29	0	15	26
ROADMAP 77
54	0	9	16
ROADMAP 78
39	0	2	19
6	0	0	9
ROADMAP 79
32	0	7	26
ROADMAP 80
49	20	0	6
ROADMAP 81
54	0	15	16
77	0	0	19
ROADMAP 82
9	0	16	26
ROADMAP 83
57	11	0	9
40	11	0	6
ROADMAP 84
23	0	22	26
45	6	0	16
ROADMAP 85
33	17	0	9
ROADMAP 86
55	0	17	25
15	0	0	18
ROADMAP 87
37	0	11	26
ROADMAP 88
56	0	6	21
29	0	0	11
ROADMAP 89
ROADMAP 90
2	0	9	26
71	0	0	9
ROADMAP 91
63	0	5	26
ROADMAP 92
31	0	19	26
19	0	0	19
ROADMAP 93
41	0	17	26
60	0	0	17
ROADMAP 94
73	0	13	26
ROADMAP 95
23	10	0	16
ROADMAP 96
43	0	2	26
ROADMAP 97
ROADMAP 98
58	13	0	13
ROADMAP 99
8	0	20	26
ROADMAP 100
27	0	19	26
ROADMAP 101
98	0	9	13
58	0	0	22
ROADMAP 102
ROADMAP 103
73	0	7	26
94	0	0	7
ROADMAP 104
7	0	7	26
ROADMAP 105
76	0	4	10
ROADMAP 106
18	0	20	26
61	0	0	20
ROADMAP 107
67	8	0	18
ROADMAP 108
7	0	19	26
104	0	0	7
ROADMAP 109
ROADMAP 110
ROADMAP 111
ROADMAP 112
63	0	6	26
91	0	0	5
ROADMAP 113
49	0	24	26
ROADMAP 114
76	0	0	10
105	0	0	16
ROADMAP 115
ROADMAP 116
5	20	0	6
ROADMAP 117
11	0	13	26
ROADMAP 118
89	8	0	18
ROADMAP 119
58	0	23	26
ROADMAP 120
117	0	7	13
63	17	0	3
ROADMAP 121
56	23	19	21
29	23	0	1
ROADMAP 122
118	4	0	8
89	4	0	14
ROADMAP 123
42	10	0	16
ROADMAP 124
ROADMAP 125
14	0	8	26
ROADMAP 126
52	14	0	12
ROADMAP 127
119	0	3	23
ROADMAP 128
126	0	2	14
52	0	0	14
ROADMAP 129
82	0	7	16
ROADMAP 130
42	0	6	22
41	0	0	10
ROADMAP 131
127	0	1	6
85	18	0	3
ROADMAP 132
18	16	0	10
ROADMAP 133
116	0	15	20
5	0	0	21
ROADMAP 134
ROADMAP 135
8	0	2	26
99	0	0	2
ROADMAP 136
ROADMAP 137
13	0	18	26
95	17	0	1
ROADMAP 138
ROADMAP 139
56	0	9	21
29	0	0	14
ROADMAP 140
68	25	0	1
ROADMAP 141
10	0	24	26
26	0	0	10
50	0	0	3
55	0	0	11
ROADMAP 142
11	0	23	26
117	0	0	13
120	0	0	10
ROADMAP 143
ROADMAP 144
32	1	0	25
ROADMAP 145
3	0	4	26
48	0	0	4
ROADMAP 146
53	0	23	26
16	3	0	20
ROADMAP 147
ROADMAP 148
115	6	0	20
ROADMAP 149
66	0	13	18
69	0	0	6
ROADMAP 150
102	1	0	25
ROADMAP 151
ROADMAP 152
ROADMAP 153
8	0	9	26
99	0	0	9
ROADMAP 154
147	1	0	25
ROADMAP 155
10	18	0	8
ROADMAP 156
59	16	0	8
27	16	0	2
ROADMAP 157
49	0	3	26
113	0	0	3
ROADMAP 158
65	4	0	22
ROADMAP 159
97	4	0	22
ROADMAP 160
2	0	21	26
71	0	0	12
155	4	0	5
ROADMAP 161
131	0	1	18
85	0	0	9
ROADMAP 162
126	13	0	13
ROADMAP 163
-56	8	2	-1
116	11	0	12
ROADMAP 164
53	5	0	21
ROADMAP 165
53	0	4	26
146	0	0	3
16	0	0	1
ROADMAP 166
89	0	23	26
ROADMAP 167
31	0	23	26
19	0	0	23
ROADMAP 168
34	0	10	18
46	4	0	9
44	4	0	5
ROADMAP 169
11	0	14	26
117	0	0	13
120	0	0	1
ROADMAP 170
73	25	0	1
ROADMAP 171
122	12	0	4
118	12	0	8
89	12	0	2
ROADMAP 172
ROADMAP 173
149	0	3	15
ROADMAP 174
107	16	0	8
67	16	0	2
ROADMAP 175
6	0	0	26
ROADMAP 176
20	13	0	13
ROADMAP 177
132	0	6	16
18	0	0	16
ROADMAP 178
98	20	0	6
ROADMAP 179
119	0	16	23
127	0	0	6
131	0	0	13
ROADMAP 180
19	0	3	26
66	0	0	3
ROADMAP 181
83	0	5	11
57	0	0	9
40	0	0	11
ROADMAP 182
ROADMAP 183
149	0	7	15
173	0	0	14
ROADMAP 184
56	0	13	21
29	0	0	18
ROADMAP 185
35	0	10	14
51	0	0	7
ROADMAP 186
41	0	0	26
ROADMAP 187
30	0	10	11
1	0	0	25
ROADMAP 188
3	0	23	26
48	0	0	16
54	0	0	7
ROADMAP 189
44	0	7	26
ROADMAP 190
136	0	11	26
171	3	0	8
ROADMAP 191
56	7	1	3
ROADMAP 192
29	0	8	26
76	0	0	8
ROADMAP 193
98	0	9	13
58	0	0	22
ROADMAP 194
ROADMAP 195
10	0	18	26
26	0	0	10
50	0	0	3
55	0	0	5
ROADMAP 196
33	0	7	26
64	2	0	5
ROADMAP 197
115	0	5	26
ROADMAP 198
149	0	14	15
173	0	0	14
183	0	0	4
ROADMAP 199
62	14	0	12
ROADMAP 200
182	7	0	19
ROADMAP 201
162	23	0	3
ROADMAP 202
28	6	0	20
ROADMAP 203
151	14	0	12
ROADMAP 204
25	23	0	3
ROADMAP 205
5	0	23	26
72	0	0	14
ROADMAP 206
131	0	14	18
85	0	0	17
33	0	0	5
ROADMAP 207
131	0	5	18
85	0	0	13
ROADMAP 208
14	22	0	4
ROADMAP 209
ROADMAP 210
29	0	22	26
76	0	0	15
ROADMAP 211
66	0	13	18
69	0	0	6
149	0	0	15
ROADMAP 212
151	0	16	26
209	7	0	9
ROADMAP 213
149	0	12	15
173	0	0	14
183	0	0	4
198	0	0	5
ROADMAP 214
17	0	8	13
3	0	0	21
ROADMAP 215
185	0	5	15
154	15	0	1
ROADMAP 216
61	0	19	26
ROADMAP 217
20	0	13	18
2	0	0	21
ROADMAP 218
66	0	14	18
69	0	0	6
149	0	0	15
173	0	0	1
ROADMAP 219
202	19	0	6
28	19	0	1
ROADMAP 220
80	22	0	4
ROADMAP 221
54	0	0	16
77	0	0	10
ROADMAP 222
170	0	19	25
73	0	0	20
ROADMAP 223
49	0	20	26
113	0	0	20
ROADMAP 224
32	0	6	26
79	0	0	6
ROADMAP 225
15	0	15	26
170	6	0	9
ROADMAP 226
62	0	15	18
36	0	0	23
ROADMAP 227
63	0	17	26
91	0	0	5
112	0	0	1
110	4	0	7
ROADMAP 228
ROADMAP 229
151	0	10	26
212	0	0	7
209	0	0	3
ROADMAP 230
136	0	7	26
190	0	0	3
171	0	0	4
ROADMAP 231
49	0	23	26
113	0	0	23
ROADMAP 232
3	0	14	26
48	0	0	14
ROADMAP 233
109	0	4	26
ROADMAP 234
43	0	19	26
96	0	0	2
123	6	0	10
42	6	0	1
ROADMAP 235
10	0	8	26
26	0	0	8
ROADMAP 236
83	0	0	11
57	0	0	9
40	0	0	6
ROADMAP 237
219	16	0	10
ROADMAP 238
75	0	1	7
13	0	0	20
ROADMAP 239
9	0	2	26
82	0	0	2
ROADMAP 240
178	1	0	20
98	1	0	5
ROADMAP 241
143	0	2	26
ROADMAP 242
131	0	10	18
85	0	0	17
33	0	0	1
ROADMAP 243
121	0	3	23
56	0	19	21
29	0	0	4
ROADMAP 244
37	0	9	26
87	0	0	9
ROADMAP 245
185	0	3	15
215	0	0	14
ROADMAP 246
191	0	19	24
176	12	0	9
ROADMAP 247
19	0	14	26
66	0	0	14
ROADMAP 248
79	0	4	7
ROADMAP 249
134	0	23	26
70	18	0	5
ROADMAP 250
248	0	7	23
ROADMAP 251
116	0	8	20
5	0	0	14
ROADMAP 252
102	0	2	26
ROADMAP 253
29	0	1	26
76	0	0	1
ROADMAP 254
58	0	10	26
119	0	0	10
ROADMAP 255
20	0	0	18
2	0	0	8
ROADMAP 256
203	0	1	14
151	0	0	13
ROADMAP 257
ROADMAP 258
12	0	8	26
35	0	0	8
ROADMAP 259
98	0	9	13
58	0	0	22
ROADMAP 260
144	15	0	1
32	15	0	10
ROADMAP 261
237	0	13	16
219	0	0	19
202	0	0	4
ROADMAP 262
44	0	3	26
189	0	0	3
ROADMAP 263
132	5	0	16
18	5	0	5
ROADMAP 264
75	0	5	7
13	0	0	24
ROADMAP 265
24	0	25	26
8	2	0	23
ROADMAP 266
73	0	20	26
94	0	0	13
ROADMAP 267
33	0	8	26
196	0	0	2
64	0	0	6
ROADMAP 268
47	10	0	16
ROADMAP 269
58	0	7	26
119	0	0	7
ROADMAP 270
75	3	0	7
13	3	0	16
ROADMAP 271
19	0	23	26
66	0	0	18
69	0	0	5
ROADMAP 272
268	19	0	7
ROADMAP 273
98	0	10	13
58	0	0	23
ROADMAP 274
55	0	17	25
15	0	0	18
ROADMAP 275
83	12	0	11
57	12	0	3
ROADMAP 276
56	0	18	21
29	0	0	23
ROADMAP 277
194	9	0	17
ROADMAP 278
119	0	15	23
127	0	0	6
131	0	0	12
ROADMAP 279
164	1	0	5
53	1	0	20
ROADMAP 280
55	0	18	25
15	0	0	19
ROADMAP 281
54	0	2	16
77	0	0	12
ROADMAP 282
98	0	8	13
58	0	0	21
ROADMAP 283
18	0	22	26
61	0	0	22
ROADMAP 284
220	0	14	22
80	0	0	18
ROADMAP 285
72	0	7	14
205	0	0	9
152	4	0	6
ROADMAP 286
260	0	12	15
144	0	0	1
32	0	0	22
ROADMAP 287
216	0	5	19
257	1	0	11
ROADMAP 288
41	0	7	26
60	0	0	7
ROADMAP 289
285	0	3	4
152	0	0	25
ROADMAP 290
196	0	0	2
64	0	0	20
43	0	0	4
ROADMAP 291
2	0	1	26
71	0	0	1
ROADMAP 292
65	0	15	26
174	5	0	10
ROADMAP 293
228	0	7	26
148	5	0	2
ROADMAP 294
162	0	1	13
126	0	0	14
ROADMAP 295
228	5	0	21
ROADMAP 296
68	0	13	26
12	12	0	1
ROADMAP 297
151	0	1	26
212	0	0	1
ROADMAP 298
52	0	12	15
7	0	0	23
ROADMAP 299
47	0	1	24
4	0	0	3
ROADMAP 300
140	0	8	25
68	0	0	9
ROADMAP 301
36	0	24	26
38	0	0	9
22	0	0	15
ROADMAP 302
115	0	4	26
197	0	0	4
ROADMAP 303
138	4	0	22
ROADMAP 304
170	0	0	25
73	0	0	1
ROADMAP 305
43	0	17	26
96	0	0	2
234	0	0	6
123	0	0	9
ROADMAP 306
208	0	9	22
14	0	0	13
ROADMAP 307
204	0	2	23
25	0	0	3
17	0	0	2
ROADMAP 308
80	0	2	20
49	0	0	8
ROADMAP 309
199	0	7	14
62	0	0	18
36	0	0	1
ROADMAP 310
20	0	3	18
2	0	0	11
ROADMAP 311
30	0	10	11
1	0	0	25
ROADMAP 312
41	0	18	26
60	0	0	17
ROADMAP 313
40	0	25	26
9	16	0	9
ROADMAP 314
228	0	13	26
293	0	0	5
148	0	0	6
115	0	0	2
ROADMAP 315
131	0	13	18
85	0	0	17
33	0	0	4
ROADMAP 316
124	0	18	26
191	1	0	7
56	1	1	3
191	1	7	15
ROADMAP 317
260	5	0	15
144	5	0	1
32	5	0	5
ROADMAP 318
99	0	3	20
-163	0	3	-1
ROADMAP 319
-163	0	3	-1
318	0	0	5
ROADMAP 320
5	0	16	26
72	0	0	14
205	0	0	2
ROADMAP 321
85	0	15	17
33	0	0	24
ROADMAP 322
27	0	8	26
100	0	0	8
ROADMAP 323
8	0	14	26
99	0	0	14
ROADMAP 324
18	0	19	26
61	0	0	19
ROADMAP 325
121	5	0	21
ROADMAP 326
152	0	6	26
ROADMAP 327
209	0	13	26
ROADMAP 328
58	0	10	26
119	0	0	10
ROADMAP 329
190	0	0	3
171	0	0	12
122	0	0	4
118	0	0	7
ROADMAP 330
5	0	18	26
72	0	0	14
205	0	0	4
ROADMAP 331
29	0	8	26
76	0	0	8
ROADMAP 332
138	0	1	26
ROADMAP 333
285	0	3	4
152	0	0	25
ROADMAP 334
105	0	15	20
109	5	0	16
ROADMAP 335
163	0	8	11
116	0	0	20
5	0	0	3
ROADMAP 336
156	0	1	16
59	0	0	8
27	0	0	3
ROADMAP 337
83	0	3	11
57	0	0	9
40	0	0	9
ROADMAP 338
121	0	20	23
56	0	19	21
29	0	0	21
ROADMAP 339
132	0	7	16
18	0	0	17
ROADMAP 340
208	3	0	22
14	3	0	1
ROADMAP 341
119	0	14	23
127	0	0	6
131	0	0	11
ROADMAP 342
32	0	12	26
79	0	0	7
248	0	0	5
ROADMAP 343
41	0	11	26
60	0	0	11
ROADMAP 344
14	0	18	26
125	0	0	8
279	9	0	1
ROADMAP 345
19	0	2	26
66	0	0	2
ROADMAP 346
168	0	1	4
46	0	0	9
44	0	0	14
ROADMAP 347
272	0	9	19
268	0	0	10
47	0	0	6
ROADMAP 348
159	5	0	4
97	5	0	17
ROADMAP 349
7	0	23	26
104	0	0	7
108	0	0	12
111	1	0	3
ROADMAP 350
149	0	7	15
173	0	0	14
183	0	0	4
ROADMAP 351
228	0	16	26
293	0	0	5
148	0	0	6
115	0	0	5
ROADMAP 352
56	0	4	21
29	0	0	9
ROADMAP 353
134	13	0	13
ROADMAP 354
65	0	0	26
ROADMAP 355
34	0	6	18
168	0	0	4
46	0	0	9
44	0	0	1
ROADMAP 356
151	0	22	26
212	0	0	7
209	0	0	15
ROADMAP 357
64	0	18	20
43	0	0	24
ROADMAP 358
263	0	1	5
132	0	0	16
18	0	0	6
ROADMAP 359
249	0	16	18
70	0	0	19
24	0	0	5
ROADMAP 360
129	0	9	17
39	0	0	18
ROADMAP 361
20	0	8	18
2	0	0	16
ROADMAP 362
56	0	1	21
29	0	0	6
ROADMAP 363
89	0	1	26
166	0	0	1
ROADMAP 364
200	0	3	7
182	0	0	22
ROADMAP 365
201	0	7	23
162	0	0	10
ROADMAP 366
23	0	19	26
84	0	0	6
45	0	0	13
ROADMAP 367
152	0	4	26
326	0	0	4
ROADMAP 368
63	0	3	26
91	0	0	3
ROADMAP 369
58	0	9	26
119	0	0	9
ROADMAP 370
277	15	0	9
194	15	0	2
ROADMAP 371
168	0	2	4
46	0	0	9
44	0	0	15
ROADMAP 372
52	0	7	15
7	0	0	18
ROADMAP 373
134	0	23	26
249	0	0	18
70	0	0	5
ROADMAP 374
126	0	2	14
52	0	0	14
ROADMAP 375
158	0	0	4
65	0	0	22
ROADMAP 376
84	0	1	6
45	0	0	21
ROADMAP 377
266	0	1	7
156	2	0	16
59	2	0	2
ROADMAP 378
208	0	6	22
14	0	0	10
ROADMAP 379
13	0	9	26
137	0	0	9
ROADMAP 380
7	0	3	26
104	0	0	3
ROADMAP 381
58	0	14	26
119	0	0	14
ROADMAP 382
44	0	24	26
189	0	0	7
237	2	0	15
ROADMAP 383
174	0	1	16
107	0	0	8
67	0	0	3
ROADMAP 384
152	0	20	26
326	0	0	6
ROADMAP 385
100	0	4	19
263	3	0	5
132	3	0	3
ROADMAP 386
34	0	12	18
168	0	0	4
46	0	0	9
44	0	0	7
ROADMAP 387
248	0	3	23
250	0	0	6
ROADMAP 388
266	0	0	7
377	0	0	2
156	0	0	16
59	0	0	1
ROADMAP 389
216	0	2	19
287	0	0	1
257	0	0	8
ROADMAP 390
270	0	1	3
75	0	0	7
13	0	0	17
ROADMAP 391
124	0	3	26
316	0	0	1
191	0	0	2
ROADMAP 392
353	23	0	3
ROADMAP 393
39	0	13	19
6	0	0	20
ROADMAP 394
152	0	3	26
326	0	0	3
ROADMAP 395
65	0	3	26
292	0	0	3
ROADMAP 396
20	0	5	18
2	0	0	13
ROADMAP 397
113	0	13	24
37	3	0	12
ROADMAP 398
ROADMAP 399
250	0	2	10
220	5	0	13
ROADMAP 400
45	0	3	26
295	2	0	1
ROADMAP 401
136	11	0	15
ROADMAP 402
24	0	24	26
265	0	0	2
8	0	0	22
ROADMAP 403
124	0	19	26
316	0	0	1
191	0	0	7
56	0	1	3
191	0	7	16
ROADMAP 404
216	0	3	19
287	0	0	1
257	0	0	9
ROADMAP 405
23	0	16	26
84	0	0	6
45	0	0	10
ROADMAP 406
22	0	25	26
272	1	0	19
268	1	0	5
ROADMAP 407
36	0	14	26
38	0	0	9
22	0	0	5
ROADMAP 408
147	0	4	26
ROADMAP 409
15	0	4	26
225	0	0	4
ROADMAP 410
4	0	8	26
ROADMAP 411
15	0	24	26
225	0	0	6
170	0	0	18
ROADMAP 412
34	0	8	18
168	0	0	4
46	0	0	9
44	0	0	3
ROADMAP 413
398	0	9	26
140	5	0	4
ROADMAP 414
176	0	4	13
20	0	0	17
ROADMAP 415
29	0	17	26
76	0	0	10
105	0	0	7
ROADMAP 416
32	0	15	26
79	0	0	7
248	0	0	8
ROADMAP 417
60	0	13	17
312	0	0	1
74	8	0	2
31	8	0	11
ROADMAP 418
174	0	6	16
107	0	0	8
67	0	0	8
ROADMAP 419
52	0	10	15
7	0	0	21
ROADMAP 420
60	0	10	17
312	0	0	1
417	0	0	8
74	0	0	2
31	0	0	8
ROADMAP 421
150	2	0	1
102	2	0	23
ROADMAP 422
191	0	22	24
246	0	0	12
176	0	0	12
ROADMAP 423
198	0	6	7
56	7	0	18
ROADMAP 424
47	0	18	24
4	0	0	20
ROADMAP 425
129	0	4	17
39	0	0	13
ROADMAP 426
26	0	5	10
50	0	0	3
55	0	0	18
ROADMAP 427
12	0	25	26
35	0	0	14
51	0	0	7
185	0	0	4
ROADMAP 428
2	0	0	26
ROADMAP 429
61	0	13	26
216	0	0	13
ROADMAP 430
155	0	7	18
10	0	0	15
ROADMAP 431
201	5	0	21
ROADMAP 432
6	0	25	26
21	0	0	2
34	0	0	18
168	0	0	4
46	0	0	1
ROADMAP 433
234	0	1	6
123	0	0	10
42	0	0	11
ROADMAP 434
163	0	1	8
-56	0	2	-1
163	0	8	11
116	0	0	13
ROADMAP 435
65	0	20	26
292	0	0	5
174	0	0	15
ROADMAP 436
51	0	1	7
185	0	0	15
215	0	0	5
ROADMAP 437
37	0	4	26
87	0	0	4
ROADMAP 438
76	0	4	10
105	0	0	20
ROADMAP 439
156	0	0	16
59	0	0	8
27	0	0	2
ROADMAP 440
28	0	11	26
325	7	0	4
ROADMAP 441
9	0	17	26
82	0	0	16
129	0	0	1
ROADMAP 442
24	0	1	26
265	0	0	1
ROADMAP 443
140	0	13	25
68	0	0	14
ROADMAP 444
55	0	19	25
15	0	0	20
ROADMAP 445
234	0	1	6
123	0	0	10
42	0	0	11
ROADMAP 446
29	0	5	26
76	0	0	5
ROADMAP 447
120	0	6	17
63	0	0	15
ROADMAP 448
70	0	14	19
24	0	0	21
ROADMAP 449
392	0	20	23
353	0	0	13
134	0	0	10
ROADMAP 450
77	0	1	19
81	0	0	6
ROADMAP 451
170	0	21	25
73	0	0	22
ROADMAP 452
237	0	0	16
219	0	0	10
ROADMAP 453
100	0	12	19
385	0	0	3
263	0	0	5
132	0	0	11
ROADMAP 454
97	0	19	26
ROADMAP 455
41	0	11	26
60	0	0	11
ROADMAP 456
119	0	14	23
127	0	0	6
131	0	0	11
ROADMAP 457
173	0	11	14
183	0	0	4
198	0	0	7
423	0	0	7
56	0	0	5
ROADMAP 458
152	0	12	26
326	0	0	6
384	0	0	6
ROADMAP 459
7	0	1	26
104	0	0	1
ROADMAP 460
370	0	6	15
277	0	0	9
194	0	0	8
ROADMAP 461
162	0	2	13
126	0	0	14
52	0	0	1
ROADMAP 462
55	0	11	25
15	0	0	12
ROADMAP 463
5	0	17	26
72	0	0	14
205	0	0	3
ROADMAP 464
105	0	17	20
334	0	0	5
109	0	0	18
ROADMAP 465
102	0	7	26
252	0	0	2
124	0	0	5
ROADMAP 466
272	0	12	19
268	0	0	10
47	0	0	9
ROADMAP 467
62	0	14	18
36	0	0	22
ROADMAP 468
89	0	13	26
166	0	0	13
ROADMAP 469
100	0	1	19
385	0	0	3
263	0	0	5
ROADMAP 470
3	0	0	26
ROADMAP 471
24	0	5	26
265	0	0	2
8	0	0	3
ROADMAP 472
220	0	17	22
80	0	0	20
49	0	0	1
ROADMAP 473
18	0	12	26
61	0	0	12
ROADMAP 474
20	0	17	18
2	0	0	25
ROADMAP 475
209	0	23	26
327	0	0	13
303	5	0	4
138	5	0	1
ROADMAP 476
4	0	15	26
410	0	0	8
ROADMAP 477
423	0	0	7
56	0	0	19
ROADMAP 478
49	0	14	26
113	0	0	14
ROADMAP 479
58	0	6	26
119	0	0	6
ROADMAP 480
63	0	9	26
91	0	0	5
112	0	0	1
227	0	0	3
ROADMAP 481
80	0	5	20
49	0	0	11
ROADMAP 482
178	0	15	20
98	0	0	13
58	0	0	8
ROADMAP 483
219	0	10	19
202	0	0	6
28	0	0	11
ROADMAP 484
152	0	10	26
326	0	0	6
384	0	0	4
ROADMAP 485
33	0	3	26
196	0	0	2
64	0	0	1
ROADMAP 486
37	0	23	26
87	0	0	11
199	5	0	7
ROADMAP 487
319	0	12	17
200	5	0	7
182	5	0	9
ROADMAP 488
203	0	10	14
151	0	0	22
ROADMAP 489
204	0	18	23
25	0	0	3
17	0	0	13
3	0	0	5
ROADMAP 490
147	0	18	26
408	0	0	4
ROADMAP 491
454	0	16	19
143	5	0	18
ROADMAP 492
97	0	0	26
ROADMAP 493
423	0	2	7
56	0	0	21
ROADMAP 494
17	0	5	13
3	0	0	18
ROADMAP 495
123	0	7	10
42	0	0	22
41	0	0	1
ROADMAP 496
55	0	0	25
15	0	0	1
ROADMAP 497
70	0	9	19
24	0	0	16
ROADMAP 498
7	0	9	26
104	0	0	7
108	0	0	2
ROADMAP 499
97	0	4	26
454	0	0	4
ROADMAP 500
5	0	1	26
72	0	0	1
ROADMAP 501
172	0	4	26
ROADMAP 502
33	0	13	26
196	0	0	2
64	0	0	11
ROADMAP 503
143	0	11	26
241	0	0	2
ROADMAP 504
296	0	4	12
12	0	0	18
ROADMAP 505
59	0	6	8
27	0	0	24
ROADMAP 506
40	0	12	26
313	0	0	12
ROADMAP 507
209	0	15	26
327	0	0	13
475	0	0	2
ROADMAP 508
204	0	10	23
25	0	0	3
17	0	0	10
ROADMAP 509
151	0	22	26
212	0	0	7
209	0	0	15
ROADMAP 510
487	0	3	5
200	0	0	7
182	0	0	17
ROADMAP 511
80	0	14	20
49	0	0	20
ROADMAP 512
303	0	2	4
138	0	0	24
ROADMAP 513
58	0	10	26
119	0	0	10
ROADMAP 514
67	0	9	26
ROADMAP 515
102	0	0	26
ROADMAP 516
170	0	0	25
73	0	0	1
ROADMAP 517
54	0	2	16
77	0	0	12
ROADMAP 518
147	0	24	26
408	0	0	4
490	0	0	14
ROADMAP 519
95	0	8	10
23	0	0	24
ROADMAP 520
14	0	19	26
125	0	0	8
344	0	0	9
279	0	0	1
164	0	0	1
ROADMAP 521
170	0	21	25
73	0	0	22
ROADMAP 522
113	0	23	24
397	0	0	3
37	0	0	22
ROADMAP 523
107	0	5	8
67	0	0	23
ROADMAP 524
55	0	17	25
15	0	0	18
ROADMAP 525
102	0	2	26
252	0	0	2
ROADMAP 526
431	0	2	5
201	0	0	23
ROADMAP 527
56	0	3	21
29	0	0	8
ROADMAP 528
8	0	9	26
99	0	0	9
ROADMAP 529
46	0	7	9
44	0	0	24
ROADMAP 530
62	0	4	18
36	0	0	12
ROADMAP 531
80	0	0	20
49	0	0	6
ROADMAP 532
156	0	14	16
59	0	0	8
27	0	0	16
ROADMAP 533
132	0	5	16
18	0	0	15
ROADMAP 534
147	0	7	26
408	0	0	4
490	0	0	3
ROADMAP 535
37	0	8	26
87	0	0	8
ROADMAP 536
58	0	4	26
119	0	0	4
ROADMAP 537
115	0	22	26
197	0	0	5
240	0	0	1
178	0	0	16
ROADMAP 538
344	0	0	9
279	0	0	1
164	0	0	5
53	0	0	11
ROADMAP 539
33	0	25	26
196	0	0	2
64	0	0	20
43	0	0	3
ROADMAP 540
7	0	8	26
104	0	0	7
108	0	0	1
ROADMAP 541
70	0	3	19
24	0	0	10
ROADMAP 542
24	0	2	26
265	0	0	2
ROADMAP 543
182	0	16	26
317	14	0	2
ROADMAP 544
272	0	11	19
268	0	0	10
47	0	0	8
ROADMAP 545
237	0	5	16
219	0	0	15
ROADMAP 546
99	0	2	20
-163	0	3	-1
318	0	0	4
ROADMAP 547
137	0	7	17
95	0	0	10
23	0	0	6
ROADMAP 548
76	0	11	15
210	0	0	7
340	2	0	3
208	2	0	10
ROADMAP 549
172	0	11	26
501	0	0	4
421	2	0	2
150	2	0	1
102	2	0	2
ROADMAP 550
20	0	10	18
2	0	0	18
ROADMAP 551
77	0	9	19
81	0	0	6
450	0	0	2
ROADMAP 552
200	0	3	7
182	0	0	22
ROADMAP 553
476	0	3	7
431	3	0	5
201	3	0	14
ROADMAP 554
392	0	20	23
353	0	0	13
134	0	0	10
ROADMAP 555
151	0	0	26
ROADMAP 556
178	0	6	20
98	0	0	12
ROADMAP 557
14	0	17	26
125	0	0	8
344	0	0	9
ROADMAP 558
182	0	3	26
543	0	0	3
ROADMAP 559
136	0	4	26
190	0	0	3
171	0	0	1
ROADMAP 560
7	0	5	26
104	0	0	5
ROADMAP 561
454	0	10	19
491	0	0	5
143	0	0	12
ROADMAP 562
1	0	6	26
204	5	0	1
ROADMAP 563
115	0	1	26
197	0	0	1
ROADMAP 564
156	0	2	16
59	0	0	8
27	0	0	4
ROADMAP 565
53	0	1	26
146	0	0	1
ROADMAP 566
1	0	1	26
562	0	0	1
ROADMAP 567
503	0	3	9
172	8	0	12
ROADMAP 568
313	0	11	16
9	0	0	21
ROADMAP 569
257	0	4	26
270	3	0	1
ROADMAP 570
431	0	0	5
201	0	0	21
ROADMAP 571
30	0	5	11
1	0	0	20
ROADMAP 572
344	0	5	9
279	0	0	1
164	0	0	5
53	0	0	16
ROADMAP 573
29	0	6	26
76	0	0	6
ROADMAP 574
32	0	14	26
79	0	0	7
248	0	0	7
ROADMAP 575
172	0	5	26
501	0	0	4
549	0	0	1
ROADMAP 576
44	0	11	26
189	0	0	7
382	0	0	2
237	0	0	2
ROADMAP 577
60	0	3	17
312	0	0	1
417	0	0	8
74	0	0	2
31	0	0	1
ROADMAP 578
49	0	2	26
113	0	0	2
ROADMAP 579
370	0	7	15
277	0	0	9
194	0	0	9
ROADMAP 580
248	0	16	23
250	0	0	10
399	0	0	5
220	0	0	4
ROADMAP 581
-56	0	0	-1
163	0	8	11
116	0	0	20
5	0	0	2
ROADMAP 582
117	0	12	13
120	0	0	17
63	0	0	8
ROADMAP 583
69	0	0	6
149	0	0	15
173	0	0	5
ROADMAP 584
172	0	3	26
501	0	0	3
ROADMAP 585
53	0	1	26
146	0	0	1
ROADMAP 586
11	0	21	26
117	0	0	13
120	0	0	8
ROADMAP 587
313	0	14	16
9	0	0	24
ROADMAP 588
327	0	2	13
475	0	0	5
303	0	0	4
138	0	0	6
ROADMAP 589
56	0	12	21
29	0	0	17
ROADMAP 590
26	0	8	10
50	0	0	3
55	0	0	21
ROADMAP 591
45	0	0	26
ROADMAP 592
149	0	9	15
173	0	0	14
183	0	0	4
198	0	0	2
ROADMAP 593
61	0	15	26
216	0	0	15
ROADMAP 594
42	0	5	22
41	0	0	9
ROADMAP 595
94	0	1	13
266	0	0	7
377	0	0	2
156	0	0	5
ROADMAP 596
392	0	19	23
353	0	0	13
134	0	0	9
ROADMAP 597
66	0	13	18
69	0	0	6
149	0	0	15
ROADMAP 598
152	0	5	26
326	0	0	5
ROADMAP 599
58	0	10	26
119	0	0	10
ROADMAP 600
30	0	2	11
1	0	0	17
ROADMAP 601
120	0	4	17
63	0	0	13
ROADMAP 602
3	0	25	26
48	0	0	16
54	0	0	9
ROADMAP 603
39	0	4	19
6	0	0	11
ROADMAP 604
18	0	17	26
61	0	0	17
ROADMAP 605
313	0	12	16
9	0	0	22
ROADMAP 606
344	0	5	9
279	0	0	1
164	0	0	5
53	0	0	16
ROADMAP 607
47	0	11	24
4	0	0	13
ROADMAP 608
4	0	20	26
410	0	0	8
476	0	0	7
553	0	0	3
431	0	0	2
ROADMAP 609
64	0	9	20
43	0	0	15
ROADMAP 610
146	0	0	3
16	0	0	23
ROADMAP 611
131	0	15	18
85	0	0	17
33	0	0	6
ROADMAP 612
147	0	13	26
408	0	0	4
490	0	0	9
ROADMAP 613
219	0	0	19
202	0	0	6
28	0	0	1
ROADMAP 614
319	0	8	17
487	0	0	5
200	0	0	7
182	0	0	5
ROADMAP 615
450	0	1	2
551	0	0	8
398	10	0	7
ROADMAP 616
185	0	9	15
215	0	0	15
154	0	0	1
147	0	0	4
ROADMAP 617
29	0	19	26
76	0	0	10
105	0	0	9
ROADMAP 618
33	0	15	26
196	0	0	2
64	0	0	13
ROADMAP 619
65	0	13	26
292	0	0	5
174	0	0	8
ROADMAP 620
248	0	12	23
250	0	0	10
399	0	0	5
ROADMAP 621
98	0	0	13
58	0	0	13
ROADMAP 622
99	0	11	20
-163	0	3	-1
318	0	0	5
319	0	0	8
ROADMAP 623
125	0	1	8
344	0	0	9
279	0	0	1
164	0	0	5
53	0	0	4
ROADMAP 624
194	0	14	26
-318	1	0	-1
163	1	0	8
-56	1	2	-1
163	1	8	9
ROADMAP 625
53	0	8	26
146	0	0	3
16	0	0	5
ROADMAP 626
353	0	0	13
134	0	0	13
ROADMAP 627
47	0	19	24
4	0	0	21
ROADMAP 628
44	0	7	26
189	0	0	7
ROADMAP 629
64	0	8	20
43	0	0	14
ROADMAP 630
98	0	11	13
58	0	0	24
ROADMAP 631
100	0	12	19
385	0	0	3
263	0	0	5
132	0	0	11
ROADMAP 632
85	0	14	17
33	0	0	23
ROADMAP 633
54	0	13	16
77	0	0	19
81	0	0	4
ROADMAP 634
57	0	5	9
40	0	0	22
ROADMAP 635
562	0	3	5
204	0	0	23
25	0	0	1
ROADMAP 636
24	0	8	26
265	0	0	2
8	0	0	6
ROADMAP 637
66	0	17	18
69	0	0	6
149	0	0	15
173	0	0	4
ROADMAP 638
57	0	0	9
40	0	0	17
ROADMAP 639
204	0	2	23
25	0	0	3
17	0	0	2
ROADMAP 640
111	0	10	26
370	5	0	5
ROADMAP 641
52	0	10	15
7	0	0	21
ROADMAP 642
49	0	3	26
113	0	0	3
ROADMAP 643
24	0	14	26
265	0	0	2
8	0	0	12
ROADMAP 644
39	0	7	19
6	0	0	14
ROADMAP 645
138	0	18	26
332	0	0	1
392	1	0	16
ROADMAP 646
11	0	14	26
117	0	0	13
120	0	0	1
ROADMAP 647
121	0	22	23
56	0	19	21
29	0	0	23
ROADMAP 648
109	0	25	26
233	0	0	4
203	0	0	14
151	0	0	7
ROADMAP 649
303	0	2	4
138	0	0	24
ROADMAP 650
67	0	3	26
514	0	0	3
ROADMAP 651
140	0	17	25
68	0	0	18
ROADMAP 652
562	0	4	5
204	0	0	23
25	0	0	2
ROADMAP 653
15	0	8	26
225	0	0	6
170	0	0	2
ROADMAP 654
4	0	21	26
410	0	0	8
476	0	0	7
553	0	0	3
431	0	0	3
ROADMAP 655
296	0	7	12
12	0	0	21
ROADMAP 656
66	0	1	18
69	0	0	6
149	0	0	3
ROADMAP 657
257	0	1	26
569	0	0	1
ROADMAP 658
319	0	16	17
487	0	0	5
200	0	0	7
182	0	0	13
ROADMAP 659
15	0	8	26
225	0	0	6
170	0	0	2
ROADMAP 660
248	0	2	23
250	0	0	5
ROADMAP 661
127	0	2	6
131	0	0	18
85	0	0	4
ROADMAP 662
392	0	2	23
353	0	0	5
ROADMAP 663
219	0	1	19
202	0	0	6
28	0	0	2
ROADMAP 664
166	0	0	23
11	0	0	3
ROADMAP 665
151	0	2	26
212	0	0	2
ROADMAP 666
100	0	1	19
385	0	0	3
263	0	0	5
ROADMAP 667
32	0	8	26
79	0	0	7
248	0	0	1
ROADMAP 668
327	0	10	13
475	0	0	5
303	0	0	4
138	0	0	14
ROADMAP 669
543	0	0	14
317	0	0	5
260	0	0	7
ROADMAP 670
27	0	5	26
100	0	0	5
ROADMAP 671
28	0	19	26
440	0	0	7
325	0	0	5
121	0	0	7
ROADMAP 672
296	0	8	12
12	0	0	22
ROADMAP 673
147	0	7	26
408	0	0	4
490	0	0	3
ROADMAP 674
170	0	14	25
73	0	0	15
ROADMAP 675
197	0	2	5
240	0	0	1
178	0	0	20
98	0	0	2
ROADMAP 676
140	0	21	25
68	0	0	22
ROADMAP 677
319	0	7	17
487	0	0	5
200	0	0	7
182	0	0	4
ROADMAP 678
11	0	22	26
117	0	0	13
120	0	0	9
ROADMAP 679
163	0	8	11
116	0	0	20
5	0	0	3
ROADMAP 680
228	0	10	26
293	0	0	5
148	0	0	5
ROADMAP 681
178	0	19	20
98	0	0	13
58	0	0	12
ROADMAP 682
72	0	0	14
205	0	0	9
285	0	0	3
ROADMAP 683
327	0	10	13
475	0	0	5
303	0	0	4
138	0	0	14
ROADMAP 684
136	0	17	26
190	0	0	3
171	0	0	12
122	0	0	2
ROADMAP 685
562	0	4	5
204	0	0	23
25	0	0	2
ROADMAP 686
82	0	10	16
129	0	0	17
39	0	0	3
ROADMAP 687
185	0	6	15
215	0	0	15
154	0	0	1
147	0	0	1
ROADMAP 688
67	0	9	26
514	0	0	9
ROADMAP 689
39	0	5	19
6	0	0	12
ROADMAP 690
66	0	2	18
69	0	0	6
149	0	0	4
ROADMAP 691
176	0	3	13
20	0	0	16
ROADMAP 692
293	0	1	5
148	0	0	6
115	0	0	16
ROADMAP 693
275	0	3	12
83	0	0	11
57	0	0	6
ROADMAP 694
48	0	7	16
54	0	0	16
77	0	0	1
ROADMAP 695
43	0	13	26
96	0	0	2
234	0	0	6
123	0	0	5
ROADMAP 696
105	0	3	20
334	0	0	5
109	0	0	4
ROADMAP 697
32	0	6	26
79	0	0	6
ROADMAP 698
53	0	16	26
146	0	0	3
16	0	0	13
ROADMAP 699
56	0	19	21
29	0	0	24
ROADMAP 700
27	0	19	26
100	0	0	19
ROADMAP 701
31	0	17	26
19	0	0	17
ROADMAP 702
13	0	14	26
137	0	0	14
ROADMAP 703
209	0	14	26
327	0	0	13
475	0	0	1
ROADMAP 704
166	0	10	23
11	0	0	13
ROADMAP 705
55	0	19	25
15	0	0	20
ROADMAP 706
48	0	10	16
54	0	0	16
77	0	0	4
ROADMAP 707
111	0	19	26
640	0	0	5
370	0	0	14
ROADMAP 708
119	0	15	23
127	0	0	6
131	0	0	12
ROADMAP 709
143	0	16	26
241	0	0	2
503	0	0	9
567	0	0	5
ROADMAP 710
18	0	7	26
61	0	0	7
ROADMAP 711
22	0	21	26
406	0	0	1
272	0	0	19
268	0	0	1
ROADMAP 712
11	0	21	26
117	0	0	13
120	0	0	8
ROADMAP 713
248	0	19	23
250	0	0	10
399	0	0	5
220	0	0	7
ROADMAP 714
178	0	5	20
98	0	0	11
ROADMAP 715
35	0	0	14
51	0	0	7
185	0	0	5
ROADMAP 716
201	0	21	23
162	0	0	13
126	0	0	11
ROADMAP 717
64	0	5	20
43	0	0	11
ROADMAP 718
110	0	16	26
348	2	0	5
159	2	0	4
97	2	0	5
ROADMAP 719
127	0	3	6
131	0	0	18
85	0	0	5
ROADMAP 720
185	0	0	15
215	0	0	11
ROADMAP 721
37	0	21	26
87	0	0	11
486	0	0	5
199	0	0	5
ROADMAP 722
108	0	1	12
349	0	0	1
111	0	0	14
ROADMAP 723
194	0	22	26
624	0	0	1
-318	0	0	-1
163	0	0	8
-56	0	2	-1
163	0	8	11
116	0	0	6
ROADMAP 724
503	0	4	9
567	0	0	8
172	0	0	13
ROADMAP 725
170	0	12	25
73	0	0	13
ROADMAP 726
20	0	5	18
2	0	0	13
ROADMAP 727
29	0	17	26
76	0	0	10
105	0	0	7
ROADMAP 728
277	0	1	9
194	0	0	18
ROADMAP 729
100	0	14	19
385	0	0	3
263	0	0	5
132	0	0	13
ROADMAP 730
115	0	8	26
197	0	0	5
240	0	0	1
178	0	0	2
ROADMAP 731
268	0	3	10
47	0	0	19
ROADMAP 732
97	0	17	26
454	0	0	17
ROADMAP 733
40	0	15	26
313	0	0	15
ROADMAP 734
454	0	15	19
491	0	0	5
143	0	0	17
ROADMAP 735
140	0	21	25
68	0	0	22
ROADMAP 736
12	0	9	26
35	0	0	9
ROADMAP 737
24	0	25	26
265	0	0	2
8	0	0	23
ROADMAP 738
45	0	22	26
400	0	0	2
295	0	0	5
228	0	0	15
ROADMAP 739
102	0	3	26
252	0	0	2
124	0	0	1
ROADMAP 740
209	0	8	26
327	0	0	8
ROADMAP 741
27	0	14	26
100	0	0	14
ROADMAP 742
125	0	3	8
344	0	0	9
279	0	0	1
164	0	0	5
53	0	0	6
ROADMAP 743
237	0	3	16
219	0	0	13
ROADMAP 744
295	0	1	5
228	0	0	22
ROADMAP 745
40	0	23	26
313	0	0	16
9	0	0	7
ROADMAP 746
19	0	22	26
66	0	0	18
69	0	0	4
ROADMAP 747
3	0	4	26
48	0	0	4
ROADMAP 748
454	0	0	19
491	0	0	5
143	0	0	2
ROADMAP 749
162	0	4	13
126	0	0	14
52	0	0	3
ROADMAP 750
49	0	21	26
113	0	0	21
ROADMAP 751
57	0	1	9
40	0	0	18
ROADMAP 752
123	0	6	10
42	0	0	22
ROADMAP 753
551	0	5	8
615	0	0	10
398	0	0	13
ROADMAP 754
518	0	2	6
158	2	0	4
65	2	0	16
ROADMAP 755
111	0	4	26
640	0	0	4
ROADMAP 756
125	0	3	8
344	0	0	9
279	0	0	1
164	0	0	5
53	0	0	6
ROADMAP 757
35	0	1	14
51	0	0	7
185	0	0	6
ROADMAP 758
319	0	2	17
487	0	0	5
200	0	0	6
ROADMAP 759
503	0	5	9
567	0	0	8
172	0	0	14
ROADMAP 760
37	0	6	26
87	0	0	6
ROADMAP 761
70	0	16	19
24	0	0	23
ROADMAP 762
149	0	9	15
173	0	0	14
183	0	0	4
198	0	0	2
ROADMAP 763
14	0	3	26
125	0	0	3
ROADMAP 764
172	0	13	26
501	0	0	4
549	0	0	2
421	0	0	2
150	0	0	1
102	0	0	4
ROADMAP 765
392	0	18	23
353	0	0	13
134	0	0	8
ROADMAP 766
17	0	10	13
3	0	0	23
ROADMAP 767
248	0	0	23
250	0	0	3
ROADMAP 768
124	0	14	26
316	0	0	1
191	0	0	7
56	0	1	3
191	0	7	11
ROADMAP 769
19	0	6	26
66	0	0	6
ROADMAP 770
67	0	15	26
514	0	0	9
401	1	0	5
ROADMAP 771
47	0	5	24
4	0	0	7
ROADMAP 772
14	0	15	26
125	0	0	8
344	0	0	7
ROADMAP 773
384	0	0	14
ROADMAP 774
81	0	2	6
450	0	0	2
551	0	0	8
615	0	0	10
398	0	0	2
ROADMAP 775
8	0	18	26
99	0	0	18
ROADMAP 776
313	0	5	16
9	0	0	15
ROADMAP 777
64	0	10	20
43	0	0	16
ROADMAP 778
348	0	1	5
159	0	0	4
97	0	0	18
ROADMAP 779
124	0	12	26
316	0	0	1
191	0	0	7
56	0	1	3
191	0	7	9
ROADMAP 780
413	0	2	5
140	0	0	23
