ID	lgth	out	in	long_cov	short1_cov	short1_Ocov	short2_cov	short2_Ocov	long_nb	short1_nb	short2_nb
1	52	2	2	0.000000	14.096154	13.538462	0.000000	0.000000	0	0	0
2	523	1	2	0.000000	20.363289	19.491396	0.000000	0.000000	0	0	0
3	137	1	3	0.000000	18.058394	17.846715	0.000000	0.000000	0	0	0
4	5	2	2	0.000000	41.800000	25.600000	0.000000	0.000000	0	0	0
5	10	1	1	0.000000	21.300000	21.300000	0.000000	0.000000	0	0	0
6	12	1	1	0.000000	23.500000	21.416667	0.000000	0.000000	0	0	0
7	408	2	2	0.000000	14.848039	13.970588	0.000000	0.000000	0	0	0
8	1	1	2	0.000000	57.000000	57.000000	0.000000	0.000000	0	0	0
9	1	1	3	0.000000	83.000000	69.000000	0.000000	0.000000	0	0	0
10	1	3	2	0.000000	90.000000	76.000000	0.000000	0.000000	0	0	0
11	2	2	1	0.000000	59.000000	59.000000	0.000000	0.000000	0	0	0
12	1	1	1	0.000000	56.000000	55.000000	0.000000	0.000000	0	0	0
13	1	1	2	0.000000	69.000000	68.000000	0.000000	0.000000	0	0	0
14	1	1	2	0.000000	88.000000	87.000000	0.000000	0.000000	0	0	0
15	4	1	2	0.000000	88.250000	75.750000	0.000000	0.000000	0	0	0
16	4	1	2	0.000000	44.250000	13.500000	0.000000	0.000000	0	0	0
17	3	2	2	0.000000	43.666667	16.000000	0.000000	0.000000	0	0	0
18	6	1	2	0.000000	40.666667	13.000000	0.000000	0.000000	0	0	0
19	17	1	1	0.000000	4.176471	4.176471	0.000000	0.000000	0	0	0
20	87	1	2	0.000000	12.827586	12.494253	0.000000	0.000000	0	0	0
21	8	2	1	0.000000	26.125000	10.875000	0.000000	0.000000	0	0	0
22	9	1	1	0.000000	26.666667	10.666667	0.000000	0.000000	0	0	0
23	1	2	3	0.000000	120.000000	46.000000	0.000000	0.000000	0	0	0
24	2	1	1	0.000000	13.000000	13.000000	0.000000	0.000000	0	0	0
25	1	1	2	0.000000	16.000000	15.000000	0.000000	0.000000	0	0	0
26	1	1	2	0.000000	26.000000	25.000000	0.000000	0.000000	0	0	0
27	2	3	2	0.000000	41.500000	40.500000	0.000000	0.000000	0	0	0
28	6	2	1	0.000000	34.166667	33.166667	0.000000	0.000000	0	0	0
29	3	1	1	0.000000	21.333333	14.666667	0.000000	0.000000	0	0	0
30	1	2	2	0.000000	96.000000	13.000000	0.000000	0.000000	0	0	0
31	0	1	1	Inf	Inf	Inf	Inf	Inf	0	0	0
32	1	1	2	0.000000	110.000000	64.000000	0.000000	0.000000	0	0	0
33	1	2	1	0.000000	92.000000	33.000000	0.000000	0.000000	0	0	0
34	1	2	1	0.000000	74.000000	15.000000	0.000000	0.000000	0	0	0
35	1	3	3	0.000000	118.000000	20.000000	0.000000	0.000000	0	0	0
36	3	2	1	0.000000	88.666667	13.666667	0.000000	0.000000	0	0	0
37	3	2	2	0.000000	87.333333	28.333333	0.000000	0.000000	0	0	0
38	1	1	1	0.000000	79.000000	21.000000	0.000000	0.000000	0	0	0
39	1	2	1	0.000000	66.000000	19.000000	0.000000	0.000000	0	0	0
40	3	1	1	0.000000	47.333333	24.666667	0.000000	0.000000	0	0	0
41	11	1	1	0.000000	57.090909	22.090909	0.000000	0.000000	0	0	0
42	66	1	1	0.000000	19.757576	18.969697	0.000000	0.000000	0	0	0
43	210	2	1	0.000000	11.590476	11.490476	0.000000	0.000000	0	0	0
44	44	1	1	0.000000	9.772727	9.772727	0.000000	0.000000	0	0	0
45	1	2	2	0.000000	18.000000	18.000000	0.000000	0.000000	0	0	0
46	1	1	3	0.000000	110.000000	31.000000	0.000000	0.000000	0	0	0
47	3	2	1	0.000000	90.000000	34.000000	0.000000	0.000000	0	0	0
48	1	1	1	0.000000	99.000000	23.000000	0.000000	0.000000	0	0	0
49	2	4	2	0.000000	101.000000	14.000000	0.000000	0.000000	0	0	0
50	2	1	2	0.000000	90.500000	15.000000	0.000000	0.000000	0	0	0
51	2	3	2	0.000000	82.500000	24.500000	0.000000	0.000000	0	0	0
52	191	1	2	0.000000	15.418848	14.931937	0.000000	0.000000	0	0	0
53	12	2	1	0.000000	1.333333	1.333333	0.000000	0.000000	0	0	0
54	24	1	1	0.000000	1.000000	1.000000	0.000000	0.000000	0	0	0
55	1	2	2	0.000000	2.000000	2.000000	0.000000	0.000000	0	0	0
56	6	1	1	0.000000	1.000000	1.000000	0.000000	0.000000	0	0	0
57	5	1	2	0.000000	2.200000	1.200000	0.000000	0.000000	0	0	0
58	3	1	2	0.000000	11.666667	11.666667	0.000000	0.000000	0	0	0
59	1	2	2	0.000000	159.000000	102.000000	0.000000	0.000000	0	0	0
60	2	3	1	0.000000	162.500000	105.000000	0.000000	0.000000	0	0	0
61	1	2	1	0.000000	124.000000	92.000000	0.000000	0.000000	0	0	0
62	3	1	1	0.000000	6.000000	6.000000	0.000000	0.000000	0	0	0
63	7	2	2	0.000000	14.857143	14.857143	0.000000	0.000000	0	0	0
64	1	1	1	0.000000	40.000000	26.000000	0.000000	0.000000	0	0	0
65	2	2	2	0.000000	41.500000	27.500000	0.000000	0.000000	0	0	0
66	7	1	1	0.000000	35.428571	23.000000	0.000000	0.000000	0	0	0
67	4	2	2	0.000000	51.000000	37.500000	0.000000	0.000000	0	0	0
68	1	1	1	0.000000	37.000000	18.000000	0.000000	0.000000	0	0	0
69	1	2	2	0.000000	198.000000	19.000000	0.000000	0.000000	0	0	0
70	3	1	3	0.000000	144.333333	50.000000	0.000000	0.000000	0	0	0
71	42	1	1	0.000000	3.666667	3.380952	0.000000	0.000000	0	0	0
72	1	1	2	0.000000	75.000000	48.000000	0.000000	0.000000	0	0	0
73	4	1	1	0.000000	12.500000	10.250000	0.000000	0.000000	0	0	0
74	2	1	2	0.000000	18.500000	10.500000	0.000000	0.000000	0	0	0
75	2	2	1	0.000000	105.000000	17.000000	0.000000	0.000000	0	0	0
76	222	2	2	0.000000	19.099099	18.792793	0.000000	0.000000	0	0	0
77	23	2	1	0.000000	12.956522	12.956522	0.000000	0.000000	0	0	0
78	5	1	1	0.000000	15.200000	15.200000	0.000000	0.000000	0	0	0
79	1	1	2	0.000000	86.000000	83.000000	0.000000	0.000000	0	0	0
80	1	2	2	0.000000	99.000000	96.000000	0.000000	0.000000	0	0	0
81	1	1	2	0.000000	90.000000	88.000000	0.000000	0.000000	0	0	0
82	1	2	2	0.000000	88.000000	86.000000	0.000000	0.000000	0	0	0
83	1	2	1	0.000000	87.000000	85.000000	0.000000	0.000000	0	0	0
84	1	1	1	0.000000	71.000000	69.000000	0.000000	0.000000	0	0	0
85	6	1	2	0.000000	66.833333	63.500000	0.000000	0.000000	0	0	0
86	2	4	2	0.000000	66.000000	60.000000	0.000000	0.000000	0	0	0
87	2	2	1	0.000000	37.000000	32.000000	0.000000	0.000000	0	0	0
88	2	2	1	0.000000	35.500000	31.500000	0.000000	0.000000	0	0	0
89	10	1	1	0.000000	18.000000	17.000000	0.000000	0.000000	0	0	0
90	98	1	2	0.000000	25.183673	23.775510	0.000000	0.000000	0	0	0
91	1	3	3	0.000000	532.000000	532.000000	0.000000	0.000000	0	0	0
92	1	2	2	0.000000	95.000000	65.000000	0.000000	0.000000	0	0	0
93	1	5	1	0.000000	91.000000	62.000000	0.000000	0.000000	0	0	0
94	1	5	2	0.000000	77.000000	55.000000	0.000000	0.000000	0	0	0
95	1	4	3	0.000000	66.000000	50.000000	0.000000	0.000000	0	0	0
96	1	4	1	0.000000	60.000000	28.000000	0.000000	0.000000	0	0	0
97	5	1	1	0.000000	14.800000	14.800000	0.000000	0.000000	0	0	0
98	28	1	2	0.000000	8.607143	8.607143	0.000000	0.000000	0	0	0
99	1	2	3	0.000000	91.000000	67.000000	0.000000	0.000000	0	0	0
100	3	2	2	0.000000	80.333333	32.000000	0.000000	0.000000	0	0	0
101	2	1	2	0.000000	92.500000	42.000000	0.000000	0.000000	0	0	0
102	2	2	1	0.000000	100.000000	40.000000	0.000000	0.000000	0	0	0
103	139	1	2	0.000000	15.762590	14.841727	0.000000	0.000000	0	0	0
104	10	1	2	0.000000	3.600000	3.600000	0.000000	0.000000	0	0	0
105	1	1	2	0.000000	8.000000	8.000000	0.000000	0.000000	0	0	0
106	7	1	2	0.000000	11.285714	11.285714	0.000000	0.000000	0	0	0
107	349	2	2	0.000000	7.507163	7.458453	0.000000	0.000000	0	0	0
108	1	2	1	0.000000	57.000000	56.000000	0.000000	0.000000	0	0	0
109	2	1	1	0.000000	24.500000	23.500000	0.000000	0.000000	0	0	0
110	3	2	2	0.000000	40.000000	38.000000	0.000000	0.000000	0	0	0
111	5	2	1	0.000000	22.400000	22.400000	0.000000	0.000000	0	0	0
112	12	1	1	0.000000	11.750000	11.583333	0.000000	0.000000	0	0	0
113	11	1	2	0.000000	13.181818	12.181818	0.000000	0.000000	0	0	0
114	3	1	2	0.000000	32.000000	31.000000	0.000000	0.000000	0	0	0
115	3	1	2	0.000000	30.666667	28.333333	0.000000	0.000000	0	0	0
116	7	1	2	0.000000	31.714286	28.142857	0.000000	0.000000	0	0	0
117	3	1	2	0.000000	35.333333	21.000000	0.000000	0.000000	0	0	0
118	1	1	2	0.000000	47.000000	33.000000	0.000000	0.000000	0	0	0
119	8	1	2	0.000000	13.375000	13.375000	0.000000	0.000000	0	0	0
120	15	1	2	0.000000	13.266667	13.266667	0.000000	0.000000	0	0	0
121	273	1	2	0.000000	19.721612	18.890110	0.000000	0.000000	0	0	0
122	109	2	2	0.000000	14.541284	12.403670	0.000000	0.000000	0	0	0
123	28	1	1	0.000000	22.178571	21.785714	0.000000	0.000000	0	0	0
124	63	1	0	0.000000	1.000000	1.000000	0.000000	0.000000	0	0	0
125	0	4	4	Inf	Inf	Inf	Inf	Inf	0	0	0
126	1	4	3	0.000000	107.000000	76.000000	0.000000	0.000000	0	0	0
127	25	2	1	0.000000	13.200000	13.200000	0.000000	0.000000	0	0	0
128	894	2	2	0.000000	16.322148	15.666667	0.000000	0.000000	0	0	0
129	4	1	1	0.000000	16.250000	14.750000	0.000000	0.000000	0	0	0
130	35	2	1	0.000000	16.828571	12.600000	0.000000	0.000000	0	0	0
131	8	1	1	0.000000	19.625000	15.625000	0.000000	0.000000	0	0	0
132	175	1	2	0.000000	19.091429	18.800000	0.000000	0.000000	0	0	0
133	8	1	2	0.000000	20.500000	20.500000	0.000000	0.000000	0	0	0
134	194	1	2	0.000000	14.608247	13.989691	0.000000	0.000000	0	0	0
135	36	1	2	0.000000	3.222222	3.222222	0.000000	0.000000	0	0	0
136	1	2	2	0.000000	14.000000	14.000000	0.000000	0.000000	0	0	0
137	26	2	1	0.000000	2.615385	2.615385	0.000000	0.000000	0	0	0
138	59	1	2	0.000000	18.559322	17.949153	0.000000	0.000000	0	0	0
139	295	2	2	0.000000	14.494915	13.796610	0.000000	0.000000	0	0	0
140	12	1	1	0.000000	15.250000	15.250000	0.000000	0.000000	0	0	0
141	1	2	2	0.000000	50.000000	34.000000	0.000000	0.000000	0	0	0
142	2	2	1	0.000000	42.500000	16.000000	0.000000	0.000000	0	0	0
143	74	1	1	0.000000	10.770270	10.081081	0.000000	0.000000	0	0	0
144	25	1	1	0.000000	10.520000	10.520000	0.000000	0.000000	0	0	0
145	19	1	2	0.000000	13.684211	13.684211	0.000000	0.000000	0	0	0
146	3	2	2	0.000000	26.333333	25.333333	0.000000	0.000000	0	0	0
147	6	1	1	0.000000	15.500000	15.500000	0.000000	0.000000	0	0	0
148	3	2	2	0.000000	27.333333	27.333333	0.000000	0.000000	0	0	0
149	17	1	1	0.000000	18.941176	18.588235	0.000000	0.000000	0	0	0
150	4	2	1	0.000000	49.250000	31.000000	0.000000	0.000000	0	0	0
151	159	1	1	0.000000	16.169811	15.572327	0.000000	0.000000	0	0	0
152	113	2	2	0.000000	13.150442	12.495575	0.000000	0.000000	0	0	0
153	3	1	1	0.000000	7.000000	7.000000	0.000000	0.000000	0	0	0
154	2	1	3	0.000000	9.000000	9.000000	0.000000	0.000000	0	0	0
155	1	2	3	0.000000	12.000000	11.000000	0.000000	0.000000	0	0	0
156	21	1	1	0.000000	4.285714	4.285714	0.000000	0.000000	0	0	0
157	12	2	2	0.000000	17.166667	16.916667	0.000000	0.000000	0	0	0
158	3	2	1	0.000000	17.000000	17.000000	0.000000	0.000000	0	0	0
159	3	1	1	0.000000	15.666667	15.666667	0.000000	0.000000	0	0	0
160	2	2	3	0.000000	137.000000	39.000000	0.000000	0.000000	0	0	0
161	5	1	1	0.000000	15.000000	14.000000	0.000000	0.000000	0	0	0
162	4	1	1	0.000000	15.000000	15.000000	0.000000	0.000000	0	0	0
163	1	1	4	0.000000	116.000000	43.000000	0.000000	0.000000	0	0	0
164	34	1	1	0.000000	11.882353	11.382353	0.000000	0.000000	0	0	0
165	10	2	1	0.000000	10.800000	10.800000	0.000000	0.000000	0	0	0
166	17	1	1	0.000000	1.000000	1.000000	0.000000	0.000000	0	0	0
167	1	1	2	0.000000	11.000000	11.000000	0.000000	0.000000	0	0	0
168	7	2	1	0.000000	16.000000	8.857143	0.000000	0.000000	0	0	0
169	2	1	3	0.000000	21.000000	13.000000	0.000000	0.000000	0	0	0
170	2	1	1	0.000000	13.500000	3.500000	0.000000	0.000000	0	0	0
171	83	2	2	0.000000	20.168675	18.819277	0.000000	0.000000	0	0	0
172	5	1	2	0.000000	33.000000	33.000000	0.000000	0.000000	0	0	0
173	1	2	2	0.000000	43.000000	43.000000	0.000000	0.000000	0	0	0
174	2	1	1	0.000000	31.000000	31.000000	0.000000	0.000000	0	0	0
175	4	2	2	0.000000	31.000000	30.500000	0.000000	0.000000	0	0	0
176	4	1	2	0.000000	22.000000	21.000000	0.000000	0.000000	0	0	0
177	340	1	2	0.000000	10.923529	10.723529	0.000000	0.000000	0	0	0
178	19	1	1	0.000000	12.368421	12.052632	0.000000	0.000000	0	0	0
179	1	2	2	0.000000	33.000000	33.000000	0.000000	0.000000	0	0	0
180	1	1	1	0.000000	32.000000	32.000000	0.000000	0.000000	0	0	0
181	1	2	2	0.000000	97.000000	41.000000	0.000000	0.000000	0	0	0
182	2	2	2	0.000000	98.500000	39.000000	0.000000	0.000000	0	0	0
183	38	3	2	0.000000	19.789474	18.631579	0.000000	0.000000	0	0	0
184	14	2	1	0.000000	18.071429	17.857143	0.000000	0.000000	0	0	0
185	3	1	1	0.000000	18.000000	16.000000	0.000000	0.000000	0	0	0
186	2	1	1	0.000000	21.000000	21.000000	0.000000	0.000000	0	0	0
187	2	1	3	0.000000	35.500000	33.500000	0.000000	0.000000	0	0	0
188	3	3	2	0.000000	37.333333	35.333333	0.000000	0.000000	0	0	0
189	4	1	1	0.000000	25.000000	23.500000	0.000000	0.000000	0	0	0
190	332	1	1	0.000000	18.123494	16.927711	0.000000	0.000000	0	0	0
191	253	1	2	0.000000	13.988142	13.494071	0.000000	0.000000	0	0	0
192	1	2	3	0.000000	28.000000	28.000000	0.000000	0.000000	0	0	0
193	1	2	1	0.000000	26.000000	26.000000	0.000000	0.000000	0	0	0
194	1	2	2	0.000000	45.000000	45.000000	0.000000	0.000000	0	0	0
195	2	3	1	0.000000	43.000000	21.000000	0.000000	0.000000	0	0	0
196	3	1	1	0.000000	36.000000	19.333333	0.000000	0.000000	0	0	0
197	126	1	2	0.000000	21.809524	18.785714	0.000000	0.000000	0	0	0
198	50	2	2	0.000000	31.620000	21.620000	0.000000	0.000000	0	0	0
199	4	1	1	0.000000	33.000000	30.000000	0.000000	0.000000	0	0	0
200	6	1	2	0.000000	32.833333	31.833333	0.000000	0.000000	0	0	0
201	16	2	2	0.000000	34.875000	7.250000	0.000000	0.000000	0	0	0
202	4	1	1	0.000000	35.500000	30.250000	0.000000	0.000000	0	0	0
203	302	1	2	0.000000	23.947020	22.950331	0.000000	0.000000	0	0	0
204	61	2	2	0.000000	18.360656	17.803279	0.000000	0.000000	0	0	0
205	17	1	1	0.000000	12.352941	12.352941	0.000000	0.000000	0	0	0
206	4	2	1	0.000000	11.500000	11.500000	0.000000	0.000000	0	0	0
207	7	1	1	0.000000	10.000000	10.000000	0.000000	0.000000	0	0	0
208	4	1	2	0.000000	11.250000	10.500000	0.000000	0.000000	0	0	0
209	42	1	1	0.000000	11.476190	11.071429	0.000000	0.000000	0	0	0
210	3	2	2	0.000000	10.000000	10.000000	0.000000	0.000000	0	0	0
211	19	1	1	0.000000	10.000000	10.000000	0.000000	0.000000	0	0	0
212	12	1	1	0.000000	11.333333	9.333333	0.000000	0.000000	0	0	0
213	1	2	2	0.000000	88.000000	16.000000	0.000000	0.000000	0	0	0
214	10	1	1	0.000000	13.500000	9.200000	0.000000	0.000000	0	0	0
215	14	1	1	0.000000	1.000000	1.000000	0.000000	0.000000	0	0	0
216	2	1	1	0.000000	1.000000	1.000000	0.000000	0.000000	0	0	0
217	2	2	2	0.000000	6.000000	6.000000	0.000000	0.000000	0	0	0
218	17	1	1	0.000000	1.000000	1.000000	0.000000	0.000000	0	0	0
219	6	1	2	0.000000	3.166667	3.166667	0.000000	0.000000	0	0	0
220	4	1	2	0.000000	3.500000	3.000000	0.000000	0.000000	0	0	0
221	6	1	2	0.000000	3.000000	2.000000	0.000000	0.000000	0	0	0
222	4	1	2	0.000000	5.250000	4.500000	0.000000	0.000000	0	0	0
223	29	1	2	0.000000	16.551724	16.551724	0.000000	0.000000	0	0	0
224	149	1	2	0.000000	17.000000	15.073826	0.000000	0.000000	0	0	0
225	81	2	2	0.000000	24.777778	23.777778	0.000000	0.000000	0	0	0
226	29	1	1	0.000000	18.344828	16.965517	0.000000	0.000000	0	0	0
227	43	1	1	0.000000	31.023256	30.325581	0.000000	0.000000	0	0	0
228	5	1	2	0.000000	29.400000	23.400000	0.000000	0.000000	0	0	0
229	8	2	2	0.000000	31.000000	27.375000	0.000000	0.000000	0	0	0
230	2	1	3	0.000000	35.000000	33.500000	0.000000	0.000000	0	0	0
231	1	2	4	0.000000	140.000000	139.000000	0.000000	0.000000	0	0	0
232	1	2	1	0.000000	133.000000	132.000000	0.000000	0.000000	0	0	0
233	3	2	1	0.000000	134.000000	133.000000	0.000000	0.000000	0	0	0
234	2	1	1	0.000000	121.500000	121.500000	0.000000	0.000000	0	0	0
235	1	1	3	0.000000	163.000000	144.000000	0.000000	0.000000	0	0	0
236	2	1	1	0.000000	198.000000	126.500000	0.000000	0.000000	0	0	0
237	4	1	2	0.000000	135.750000	42.250000	0.000000	0.000000	0	0	0
238	1	1	3	0.000000	156.000000	3.000000	0.000000	0.000000	0	0	0
239	3	2	2	0.000000	118.666667	90.000000	0.000000	0.000000	0	0	0
240	2	2	1	0.000000	99.500000	75.000000	0.000000	0.000000	0	0	0
241	1	2	1	0.000000	99.000000	91.000000	0.000000	0.000000	0	0	0
242	1	4	1	0.000000	103.000000	96.000000	0.000000	0.000000	0	0	0
243	1	1	1	0.000000	90.000000	89.000000	0.000000	0.000000	0	0	0
244	1	1	2	0.000000	95.000000	94.000000	0.000000	0.000000	0	0	0
245	1	1	3	0.000000	202.000000	125.000000	0.000000	0.000000	0	0	0
246	1	3	1	0.000000	175.000000	111.000000	0.000000	0.000000	0	0	0
247	2	1	2	0.000000	30.000000	24.000000	0.000000	0.000000	0	0	0
248	1	2	1	0.000000	141.000000	93.000000	0.000000	0.000000	0	0	0
249	3	1	3	0.000000	183.333333	56.666667	0.000000	0.000000	0	0	0
250	1	4	8	0.000000	205.000000	24.000000	0.000000	0.000000	0	0	0
251	40	1	1	0.000000	19.050000	18.625000	0.000000	0.000000	0	0	0
252	206	2	2	0.000000	20.257282	19.281553	0.000000	0.000000	0	0	0
253	4	3	1	0.000000	24.000000	21.750000	0.000000	0.000000	0	0	0
254	2	1	1	0.000000	22.000000	20.500000	0.000000	0.000000	0	0	0
255	245	1	2	0.000000	18.106122	16.987755	0.000000	0.000000	0	0	0
256	146	1	2	0.000000	12.897260	12.664384	0.000000	0.000000	0	0	0
257	12	1	1	0.000000	1.000000	1.000000	0.000000	0.000000	0	0	0
258	70	1	1	0.000000	17.614286	16.971429	0.000000	0.000000	0	0	0
259	388	2	2	0.000000	12.164948	11.304124	0.000000	0.000000	0	0	0
260	42	1	2	0.000000	16.785714	15.904762	0.000000	0.000000	0	0	0
261	73	2	2	0.000000	24.246575	23.698630	0.000000	0.000000	0	0	0
262	17	1	1	0.000000	8.117647	8.000000	0.000000	0.000000	0	0	0
263	88	1	2	0.000000	24.409091	23.568182	0.000000	0.000000	0	0	0
264	16	2	2	0.000000	22.687500	21.812500	0.000000	0.000000	0	0	0
265	9	1	2	0.000000	25.333333	22.555556	0.000000	0.000000	0	0	0
266	1	2	2	0.000000	55.000000	52.000000	0.000000	0.000000	0	0	0
267	1	2	2	0.000000	47.000000	45.000000	0.000000	0.000000	0	0	0
268	11	1	1	0.000000	23.000000	21.909091	0.000000	0.000000	0	0	0
269	7	2	2	0.000000	21.571429	21.571429	0.000000	0.000000	0	0	0
270	13	1	1	0.000000	22.153846	22.153846	0.000000	0.000000	0	0	0
271	2	1	2	0.000000	34.000000	21.000000	0.000000	0.000000	0	0	0
272	2	2	2	0.000000	39.500000	33.000000	0.000000	0.000000	0	0	0
273	4	2	1	0.000000	35.750000	35.250000	0.000000	0.000000	0	0	0
274	14	1	1	0.000000	20.785714	19.785714	0.000000	0.000000	0	0	0
275	4	2	2	0.000000	20.000000	19.750000	0.000000	0.000000	0	0	0
276	6	1	1	0.000000	20.833333	20.833333	0.000000	0.000000	0	0	0
277	4	1	2	0.000000	22.750000	22.750000	0.000000	0.000000	0	0	0
278	95	2	2	0.000000	23.957895	22.315789	0.000000	0.000000	0	0	0
279	3	1	1	0.000000	26.666667	24.000000	0.000000	0.000000	0	0	0
280	14	1	2	0.000000	28.000000	15.857143	0.000000	0.000000	0	0	0
281	44	2	1	0.000000	11.431818	8.750000	0.000000	0.000000	0	0	0
282	3	1	2	0.000000	15.000000	8.000000	0.000000	0.000000	0	0	0
283	2	1	2	0.000000	38.000000	19.000000	0.000000	0.000000	0	0	0
284	17	1	1	0.000000	1.294118	1.294118	0.000000	0.000000	0	0	0
285	592	1	2	0.000000	17.886824	16.988176	0.000000	0.000000	0	0	0
286	56	1	1	0.000000	2.035714	2.035714	0.000000	0.000000	0	0	0
287	4	2	2	0.000000	5.500000	4.500000	0.000000	0.000000	0	0	0
288	13	1	1	0.000000	3.000000	2.923077	0.000000	0.000000	0	0	0
289	16	1	1	0.000000	3.375000	2.625000	0.000000	0.000000	0	0	0
290	50	1	1	0.000000	9.220000	8.880000	0.000000	0.000000	0	0	0
291	46	1	0	0.000000	1.000000	1.000000	0.000000	0.000000	0	0	0
292	1	2	2	0.000000	3.000000	2.000000	0.000000	0.000000	0	0	0
293	4	1	1	0.000000	2.000000	1.000000	0.000000	0.000000	0	0	0
294	5	1	2	0.000000	5.600000	4.400000	0.000000	0.000000	0	0	0
295	5	2	1	0.000000	59.600000	28.000000	0.000000	0.000000	0	0	0
296	1	2	2	0.000000	86.000000	79.000000	0.000000	0.000000	0	0	0
297	1	1	1	0.000000	75.000000	69.000000	0.000000	0.000000	0	0	0
298	1	1	1	0.000000	74.000000	72.000000	0.000000	0.000000	0	0	0
299	1	1	2	0.000000	73.000000	71.000000	0.000000	0.000000	0	0	0
300	1	2	2	0.000000	82.000000	80.000000	0.000000	0.000000	0	0	0
301	1	2	1	0.000000	80.000000	77.000000	0.000000	0.000000	0	0	0
302	3	2	1	0.000000	51.666667	51.666667	0.000000	0.000000	0	0	0
303	3	2	1	0.000000	27.333333	27.333333	0.000000	0.000000	0	0	0
304	2	2	1	0.000000	19.500000	19.500000	0.000000	0.000000	0	0	0
305	13	1	1	0.000000	18.384615	18.384615	0.000000	0.000000	0	0	0
306	174	1	2	0.000000	19.574713	18.793103	0.000000	0.000000	0	0	0
307	3	1	3	0.000000	95.333333	17.000000	0.000000	0.000000	0	0	0
308	1	1	2	0.000000	104.000000	21.000000	0.000000	0.000000	0	0	0
309	19	1	1	0.000000	26.315789	25.473684	0.000000	0.000000	0	0	0
310	3	2	2	0.000000	41.666667	36.000000	0.000000	0.000000	0	0	0
311	21	1	1	0.000000	24.714286	24.476190	0.000000	0.000000	0	0	0
312	6	2	2	0.000000	39.333333	39.333333	0.000000	0.000000	0	0	0
313	12	2	1	0.000000	17.833333	17.833333	0.000000	0.000000	0	0	0
314	5	1	1	0.000000	13.600000	13.600000	0.000000	0.000000	0	0	0
315	7	2	2	0.000000	13.714286	13.714286	0.000000	0.000000	0	0	0
316	5	1	1	0.000000	13.000000	13.000000	0.000000	0.000000	0	0	0
317	8	1	2	0.000000	14.125000	14.125000	0.000000	0.000000	0	0	0
318	1	2	2	0.000000	16.000000	15.000000	0.000000	0.000000	0	0	0
319	3	1	1	0.000000	14.000000	14.000000	0.000000	0.000000	0	0	0
320	3	2	2	0.000000	12.000000	12.000000	0.000000	0.000000	0	0	0
321	12	1	1	0.000000	3.166667	3.166667	0.000000	0.000000	0	0	0
322	5	1	2	0.000000	4.000000	4.000000	0.000000	0.000000	0	0	0
323	6	1	2	0.000000	10.000000	9.666667	0.000000	0.000000	0	0	0
324	3	2	2	0.000000	13.666667	12.666667	0.000000	0.000000	0	0	0
325	3	2	1	0.000000	10.333333	9.000000	0.000000	0.000000	0	0	0
326	58	1	1	0.000000	18.862069	18.103448	0.000000	0.000000	0	0	0
327	1	2	3	0.000000	22.000000	17.000000	0.000000	0.000000	0	0	0
328	5	1	2	0.000000	26.400000	8.200000	0.000000	0.000000	0	0	0
329	20	1	2	0.000000	23.700000	23.150000	0.000000	0.000000	0	0	0
330	38	1	1	0.000000	1.000000	1.000000	0.000000	0.000000	0	0	0
331	171	1	2	0.000000	20.514620	18.736842	0.000000	0.000000	0	0	0
332	539	1	2	0.000000	21.487941	20.517625	0.000000	0.000000	0	0	0
333	13	1	2	0.000000	22.000000	21.769231	0.000000	0.000000	0	0	0
334	3	2	2	0.000000	22.000000	21.000000	0.000000	0.000000	0	0	0
335	3	1	2	0.000000	23.333333	20.000000	0.000000	0.000000	0	0	0
336	14	1	1	0.000000	20.357143	19.214286	0.000000	0.000000	0	0	0
337	3	1	2	0.000000	19.666667	18.666667	0.000000	0.000000	0	0	0
338	2	1	1	0.000000	18.500000	18.500000	0.000000	0.000000	0	0	0
339	1	2	3	0.000000	34.000000	33.000000	0.000000	0.000000	0	0	0
340	61	1	1	0.000000	17.098361	16.081967	0.000000	0.000000	0	0	0
341	174	1	2	0.000000	15.344828	14.856322	0.000000	0.000000	0	0	0
342	1	2	2	0.000000	3.000000	3.000000	0.000000	0.000000	0	0	0
343	7	1	1	0.000000	2.000000	2.000000	0.000000	0.000000	0	0	0
344	3	1	3	0.000000	24.000000	24.000000	0.000000	0.000000	0	0	0
345	3	1	1	0.000000	32.000000	32.000000	0.000000	0.000000	0	0	0
346	3	2	3	0.000000	89.000000	84.000000	0.000000	0.000000	0	0	0
347	1	1	2	0.000000	99.000000	67.000000	0.000000	0.000000	0	0	0
348	1	2	2	0.000000	115.000000	80.000000	0.000000	0.000000	0	0	0
349	1	1	1	0.000000	70.000000	68.000000	0.000000	0.000000	0	0	0
350	8	2	1	0.000000	28.125000	8.250000	0.000000	0.000000	0	0	0
351	39	1	0	0.000000	1.000000	1.000000	0.000000	0.000000	0	0	0
352	2	2	2	0.000000	2.000000	2.000000	0.000000	0.000000	0	0	0
353	4	1	1	0.000000	1.000000	1.000000	0.000000	0.000000	0	0	0
354	2	1	2	0.000000	3.000000	3.000000	0.000000	0.000000	0	0	0
355	2	2	2	0.000000	4.000000	4.000000	0.000000	0.000000	0	0	0
356	1	1	1	0.000000	2.000000	2.000000	0.000000	0.000000	0	0	0
357	2	1	2	0.000000	3.000000	3.000000	0.000000	0.000000	0	0	0
358	1	1	3	0.000000	24.000000	21.000000	0.000000	0.000000	0	0	0
359	189	2	2	0.000000	16.000000	14.613757	0.000000	0.000000	0	0	0
360	47	1	0	0.000000	1.234043	1.106383	0.000000	0.000000	0	0	0
361	42	2	2	0.000000	11.880952	9.523810	0.000000	0.000000	0	0	0
362	11	1	1	0.000000	6.727273	6.727273	0.000000	0.000000	0	0	0
363	2	2	2	0.000000	9.000000	9.000000	0.000000	0.000000	0	0	0
364	1	2	2	0.000000	11.000000	11.000000	0.000000	0.000000	0	0	0
365	3	1	1	0.000000	7.000000	7.000000	0.000000	0.000000	0	0	0
366	1	1	2	0.000000	13.000000	13.000000	0.000000	0.000000	0	0	0
367	110	2	2	0.000000	16.809091	16.027273	0.000000	0.000000	0	0	0
368	113	1	2	0.000000	15.053097	14.752212	0.000000	0.000000	0	0	0
369	22	2	2	0.000000	22.272727	22.272727	0.000000	0.000000	0	0	0
370	4	2	1	0.000000	21.750000	21.750000	0.000000	0.000000	0	0	0
371	1	1	1	0.000000	20.000000	20.000000	0.000000	0.000000	0	0	0
372	3	2	1	0.000000	5.333333	5.333333	0.000000	0.000000	0	0	0
373	1	1	2	0.000000	7.000000	7.000000	0.000000	0.000000	0	0	0
374	1	1	2	0.000000	8.000000	8.000000	0.000000	0.000000	0	0	0
375	1	3	2	0.000000	9.000000	9.000000	0.000000	0.000000	0	0	0
376	31	1	1	0.000000	1.000000	1.000000	0.000000	0.000000	0	0	0
377	5	1	2	0.000000	1.400000	1.400000	0.000000	0.000000	0	0	0
378	3	2	2	0.000000	2.000000	2.000000	0.000000	0.000000	0	0	0
379	23	1	1	0.000000	1.000000	1.000000	0.000000	0.000000	0	0	0
380	4	1	2	0.000000	2.000000	2.000000	0.000000	0.000000	0	0	0
381	1	1	2	0.000000	3.000000	3.000000	0.000000	0.000000	0	0	0
382	1	1	3	0.000000	19.000000	16.000000	0.000000	0.000000	0	0	0
383	40	1	0	0.000000	1.000000	1.000000	0.000000	0.000000	0	0	0
384	11	2	2	0.000000	14.363636	8.181818	0.000000	0.000000	0	0	0
385	10	1	1	0.000000	12.500000	11.500000	0.000000	0.000000	0	0	0
386	14	2	1	0.000000	14.500000	13.714286	0.000000	0.000000	0	0	0
387	11	1	1	0.000000	1.000000	1.000000	0.000000	0.000000	0	0	0
388	48	1	1	0.000000	15.770833	15.770833	0.000000	0.000000	0	0	0
389	53	1	1	0.000000	13.830189	13.830189	0.000000	0.000000	0	0	0
390	1112	1	2	0.000000	15.299460	14.741007	0.000000	0.000000	0	0	0
391	32	1	1	0.000000	3.593750	3.562500	0.000000	0.000000	0	0	0
392	17	1	2	0.000000	2.235294	1.117647	0.000000	0.000000	0	0	0
393	44	1	1	0.000000	9.386364	9.000000	0.000000	0.000000	0	0	0
394	9	1	1	0.000000	9.222222	9.222222	0.000000	0.000000	0	0	0
395	10	1	1	0.000000	10.000000	10.000000	0.000000	0.000000	0	0	0
396	70	1	2	0.000000	13.342857	11.685714	0.000000	0.000000	0	0	0
397	7	1	1	0.000000	46.857143	15.571429	0.000000	0.000000	0	0	0
398	45	1	2	0.000000	24.066667	23.488889	0.000000	0.000000	0	0	0
399	25	1	1	0.000000	16.200000	16.000000	0.000000	0.000000	0	0	0
400	8	2	2	0.000000	20.000000	17.625000	0.000000	0.000000	0	0	0
401	27	1	1	0.000000	19.111111	18.111111	0.000000	0.000000	0	0	0
402	4	4	2	0.000000	40.750000	24.500000	0.000000	0.000000	0	0	0
403	1	1	2	0.000000	22.000000	14.000000	0.000000	0.000000	0	0	0
404	4	2	2	0.000000	27.000000	20.500000	0.000000	0.000000	0	0	0
405	14	2	1	0.000000	14.000000	13.142857	0.000000	0.000000	0	0	0
406	2	3	1	0.000000	15.000000	15.000000	0.000000	0.000000	0	0	0
407	1	1	1	0.000000	13.000000	13.000000	0.000000	0.000000	0	0	0
408	1	2	2	0.000000	26.000000	25.000000	0.000000	0.000000	0	0	0
409	10	2	1	0.000000	26.100000	24.900000	0.000000	0.000000	0	0	0
410	11	1	1	0.000000	17.272727	17.000000	0.000000	0.000000	0	0	0
411	2	1	2	0.000000	20.500000	19.500000	0.000000	0.000000	0	0	0
412	20	1	2	0.000000	22.400000	21.050000	0.000000	0.000000	0	0	0
413	1	1	2	0.000000	11.000000	10.000000	0.000000	0.000000	0	0	0
414	16	1	2	0.000000	8.000000	6.687500	0.000000	0.000000	0	0	0
415	1	2	3	0.000000	41.000000	22.000000	0.000000	0.000000	0	0	0
416	40	1	0	0.000000	1.000000	1.000000	0.000000	0.000000	0	0	0
417	131	2	2	0.000000	22.763359	20.885496	0.000000	0.000000	0	0	0
418	44	1	1	0.000000	1.045455	1.045455	0.000000	0.000000	0	0	0
419	71	2	2	0.000000	13.957746	10.014085	0.000000	0.000000	0	0	0
420	10	2	2	0.000000	60.600000	27.400000	0.000000	0.000000	0	0	0
421	12	1	1	0.000000	13.000000	13.000000	0.000000	0.000000	0	0	0
422	16	1	2	0.000000	16.500000	16.500000	0.000000	0.000000	0	0	0
423	53	1	1	0.000000	21.679245	20.792453	0.000000	0.000000	0	0	0
424	16	2	1	0.000000	16.625000	16.187500	0.000000	0.000000	0	0	0
425	17	1	1	0.000000	1.000000	1.000000	0.000000	0.000000	0	0	0
426	36	1	0	0.000000	1.000000	1.000000	0.000000	0.000000	0	0	0
427	3	1	1	0.000000	12.000000	12.000000	0.000000	0.000000	0	0	0
428	1	1	2	0.000000	15.000000	15.000000	0.000000	0.000000	0	0	0
429	17	1	1	0.000000	23.294118	20.352941	0.000000	0.000000	0	0	0
430	1	1	1	0.000000	21.000000	17.000000	0.000000	0.000000	0	0	0
431	7	2	2	0.000000	17.428571	15.714286	0.000000	0.000000	0	0	0
432	1	1	1	0.000000	5.000000	5.000000	0.000000	0.000000	0	0	0
433	83	1	2	0.000000	8.771084	8.566265	0.000000	0.000000	0	0	0
434	12	1	1	0.000000	2.166667	2.166667	0.000000	0.000000	0	0	0
435	5	2	1	0.000000	11.800000	10.800000	0.000000	0.000000	0	0	0
436	14	1	2	0.000000	9.000000	9.000000	0.000000	0.000000	0	0	0
437	23	2	2	0.000000	31.086957	30.217391	0.000000	0.000000	0	0	0
438	30	1	1	0.000000	15.533333	14.966667	0.000000	0.000000	0	0	0
439	23	1	2	0.000000	19.913043	19.304348	0.000000	0.000000	0	0	0
440	116	0	0	0.000000	3.646552	3.646552	0.000000	0.000000	0	0	0
441	107	1	2	0.000000	19.728972	18.280374	0.000000	0.000000	0	0	0
442	11	1	2	0.000000	20.545455	19.545455	0.000000	0.000000	0	0	0
443	44	2	2	0.000000	16.863636	15.909091	0.000000	0.000000	0	0	0
444	43	1	1	0.000000	1.023256	1.023256	0.000000	0.000000	0	0	0
445	2	2	2	0.000000	4.000000	4.000000	0.000000	0.000000	0	0	0
446	16	1	1	0.000000	1.000000	1.000000	0.000000	0.000000	0	0	0
447	1	1	2	0.000000	4.000000	4.000000	0.000000	0.000000	0	0	0
448	1	4	4	0.000000	172.000000	172.000000	0.000000	0.000000	0	0	0
449	1	2	1	0.000000	3.000000	3.000000	0.000000	0.000000	0	0	0
450	24	1	1	0.000000	1.083333	1.083333	0.000000	0.000000	0	0	0
451	123	1	2	0.000000	21.747967	21.073171	0.000000	0.000000	0	0	0
452	249	1	0	0.000000	3.650602	3.582329	0.000000	0.000000	0	0	0
453	17	1	1	0.000000	1.000000	1.000000	0.000000	0.000000	0	0	0
454	11	1	2	0.000000	12.090909	11.636364	0.000000	0.000000	0	0	0
455	1	2	2	0.000000	23.000000	23.000000	0.000000	0.000000	0	0	0
456	6	2	1	0.000000	16.000000	16.000000	0.000000	0.000000	0	0	0
457	5	1	1	0.000000	17.200000	17.200000	0.000000	0.000000	0	0	0
458	3	2	1	0.000000	6.333333	6.333333	0.000000	0.000000	0	0	0
459	90	2	1	0.000000	3.766667	3.766667	0.000000	0.000000	0	0	0
460	40	1	1	0.000000	14.650000	14.375000	0.000000	0.000000	0	0	0
461	3	1	1	0.000000	25.666667	8.000000	0.000000	0.000000	0	0	0
462	37	1	1	0.000000	1.837838	1.837838	0.000000	0.000000	0	0	0
463	1	2	1	0.000000	6.000000	5.000000	0.000000	0.000000	0	0	0
464	7	1	1	0.000000	1.571429	1.428571	0.000000	0.000000	0	0	0
465	2	1	1	0.000000	4.000000	3.000000	0.000000	0.000000	0	0	0
466	41	1	4	0.000000	20.487805	13.390244	0.000000	0.000000	0	0	0
467	21	2	2	0.000000	17.523810	16.714286	0.000000	0.000000	0	0	0
468	39	1	1	0.000000	1.051282	1.051282	0.000000	0.000000	0	0	0
469	1	2	2	0.000000	5.000000	5.000000	0.000000	0.000000	0	0	0
470	1	2	2	0.000000	13.000000	13.000000	0.000000	0.000000	0	0	0
471	1	2	2	0.000000	6.000000	5.000000	0.000000	0.000000	0	0	0
472	1	2	2	0.000000	4.000000	3.000000	0.000000	0.000000	0	0	0
473	3	1	2	0.000000	3.000000	3.000000	0.000000	0.000000	0	0	0
474	16	1	1	0.000000	24.750000	24.125000	0.000000	0.000000	0	0	0
475	1	1	2	0.000000	24.000000	24.000000	0.000000	0.000000	0	0	0
476	78	2	2	0.000000	22.230769	19.974359	0.000000	0.000000	0	0	0
477	39	1	0	0.000000	1.000000	1.000000	0.000000	0.000000	0	0	0
478	3	1	2	0.000000	18.666667	18.666667	0.000000	0.000000	0	0	0
479	5	1	2	0.000000	21.600000	19.200000	0.000000	0.000000	0	0	0
480	55	1	1	0.000000	13.163636	11.472727	0.000000	0.000000	0	0	0
481	11	1	2	0.000000	13.909091	12.727273	0.000000	0.000000	0	0	0
482	49	1	0	0.000000	1.000000	1.000000	0.000000	0.000000	0	0	0
483	3	1	3	0.000000	27.666667	25.666667	0.000000	0.000000	0	0	0
484	2	2	2	0.000000	29.000000	27.000000	0.000000	0.000000	0	0	0
485	1	1	1	0.000000	14.000000	14.000000	0.000000	0.000000	0	0	0
486	1	2	2	0.000000	36.000000	35.000000	0.000000	0.000000	0	0	0
487	7	1	1	0.000000	12.857143	12.857143	0.000000	0.000000	0	0	0
488	8	1	2	0.000000	16.000000	16.000000	0.000000	0.000000	0	0	0
489	69	2	2	0.000000	6.681159	6.681159	0.000000	0.000000	0	0	0
490	46	1	1	0.000000	11.695652	11.652174	0.000000	0.000000	0	0	0
491	3	1	1	0.000000	1.000000	1.000000	0.000000	0.000000	0	0	0
492	7	1	1	0.000000	1.000000	1.000000	0.000000	0.000000	0	0	0
493	35	1	2	0.000000	24.800000	22.171429	0.000000	0.000000	0	0	0
494	7	2	1	0.000000	11.571429	11.571429	0.000000	0.000000	0	0	0
495	2	1	1	0.000000	9.500000	9.500000	0.000000	0.000000	0	0	0
496	1	2	2	0.000000	33.000000	33.000000	0.000000	0.000000	0	0	0
497	1	1	1	0.000000	13.000000	13.000000	0.000000	0.000000	0	0	0
498	2	1	2	0.000000	15.000000	15.000000	0.000000	0.000000	0	0	0
499	1	1	2	0.000000	10.000000	10.000000	0.000000	0.000000	0	0	0
500	67	1	0	0.000000	1.000000	1.000000	0.000000	0.000000	0	0	0
501	0	2	5	Inf	Inf	Inf	Inf	Inf	0	0	0
502	1	2	1	0.000000	33.000000	33.000000	0.000000	0.000000	0	0	0
503	2	2	1	0.000000	22.500000	13.500000	0.000000	0.000000	0	0	0
504	133	1	1	0.000000	9.766917	8.609023	0.000000	0.000000	0	0	0
505	1	2	1	0.000000	14.000000	12.000000	0.000000	0.000000	0	0	0
506	1	1	2	0.000000	14.000000	13.000000	0.000000	0.000000	0	0	0
507	7	1	2	0.000000	14.000000	13.000000	0.000000	0.000000	0	0	0
508	8	1	2	0.000000	15.875000	14.875000	0.000000	0.000000	0	0	0
509	1	2	2	0.000000	25.000000	24.000000	0.000000	0.000000	0	0	0
510	1	2	1	0.000000	24.000000	23.000000	0.000000	0.000000	0	0	0
511	1	1	1	0.000000	23.000000	22.000000	0.000000	0.000000	0	0	0
512	2	1	1	0.000000	43.000000	11.000000	0.000000	0.000000	0	0	0
513	3	3	1	0.000000	61.666667	17.666667	0.000000	0.000000	0	0	0
514	11	1	1	0.000000	6.454545	6.454545	0.000000	0.000000	0	0	0
515	5	2	2	0.000000	26.200000	20.800000	0.000000	0.000000	0	0	0
516	13	1	1	0.000000	16.692308	7.307692	0.000000	0.000000	0	0	0
517	1	1	2	0.000000	17.000000	17.000000	0.000000	0.000000	0	0	0
518	11	1	1	0.000000	1.000000	1.000000	0.000000	0.000000	0	0	0
519	48	1	2	0.000000	8.125000	6.791667	0.000000	0.000000	0	0	0
520	6	2	2	0.000000	6.833333	6.833333	0.000000	0.000000	0	0	0
521	28	1	1	0.000000	1.821429	1.821429	0.000000	0.000000	0	0	0
522	9	1	1	0.000000	7.777778	7.777778	0.000000	0.000000	0	0	0
523	28	1	1	0.000000	11.642857	11.428571	0.000000	0.000000	0	0	0
524	2	1	1	0.000000	15.000000	14.000000	0.000000	0.000000	0	0	0
525	20	2	1	0.000000	14.800000	13.800000	0.000000	0.000000	0	0	0
526	10	1	1	0.000000	13.000000	12.000000	0.000000	0.000000	0	0	0
527	3	1	1	0.000000	12.666667	12.666667	0.000000	0.000000	0	0	0
528	44	1	0	0.000000	1.000000	1.000000	0.000000	0.000000	0	0	0
529	8	1	1	0.000000	17.625000	17.625000	0.000000	0.000000	0	0	0
530	25	1	1	0.000000	21.200000	20.920000	0.000000	0.000000	0	0	0
531	33	1	1	0.000000	18.030303	18.030303	0.000000	0.000000	0	0	0
532	10	2	2	0.000000	28.300000	22.900000	0.000000	0.000000	0	0	0
533	4	1	1	0.000000	15.750000	15.750000	0.000000	0.000000	0	0	0
534	5	1	1	0.000000	14.000000	13.000000	0.000000	0.000000	0	0	0
535	1	1	1	0.000000	12.000000	11.000000	0.000000	0.000000	0	0	0
536	3	1	2	0.000000	76.000000	36.333333	0.000000	0.000000	0	0	0
537	2	2	1	0.000000	68.500000	28.000000	0.000000	0.000000	0	0	0
538	29	1	1	0.000000	22.620690	21.551724	0.000000	0.000000	0	0	0
539	52	1	0	0.000000	1.000000	1.000000	0.000000	0.000000	0	0	0
540	6	1	2	0.000000	2.000000	2.000000	0.000000	0.000000	0	0	0
541	301	1	2	0.000000	16.823920	16.554817	0.000000	0.000000	0	0	0
542	37	1	0	0.000000	1.000000	1.000000	0.000000	0.000000	0	0	0
543	41	1	0	0.000000	1.000000	1.000000	0.000000	0.000000	0	0	0
544	5	1	2	0.000000	2.800000	2.800000	0.000000	0.000000	0	0	0
545	547	1	2	0.000000	18.798903	18.212066	0.000000	0.000000	0	0	0
546	45	1	2	0.000000	17.133333	14.511111	0.000000	0.000000	0	0	0
547	8	2	1	0.000000	31.000000	17.375000	0.000000	0.000000	0	0	0
548	5	3	1	0.000000	18.400000	18.400000	0.000000	0.000000	0	0	0
549	2	1	1	0.000000	16.000000	16.000000	0.000000	0.000000	0	0	0
550	2	1	1	0.000000	29.000000	2.000000	0.000000	0.000000	0	0	0
551	1	2	1	0.000000	20.000000	20.000000	0.000000	0.000000	0	0	0
552	33	1	1	0.000000	15.212121	14.666667	0.000000	0.000000	0	0	0
553	72	1	1	0.000000	1.027778	1.027778	0.000000	0.000000	0	0	0
554	356	2	2	0.000000	12.412921	12.011236	0.000000	0.000000	0	0	0
555	27	1	1	0.000000	18.740741	17.740741	0.000000	0.000000	0	0	0
556	35	1	0	0.000000	1.000000	1.000000	0.000000	0.000000	0	0	0
557	0	1	6	Inf	Inf	Inf	Inf	Inf	0	0	0
558	3	1	1	0.000000	1.000000	1.000000	0.000000	0.000000	0	0	0
559	14	1	2	0.000000	1.857143	1.857143	0.000000	0.000000	0	0	0
560	17	1	1	0.000000	1.470588	1.470588	0.000000	0.000000	0	0	0
561	10	2	1	0.000000	19.700000	18.000000	0.000000	0.000000	0	0	0
562	11	1	1	0.000000	3.000000	3.000000	0.000000	0.000000	0	0	0
563	2	2	2	0.000000	7.000000	7.000000	0.000000	0.000000	0	0	0
564	0	2	1	Inf	Inf	Inf	Inf	Inf	0	0	0
565	16	1	2	0.000000	19.937500	18.062500	0.000000	0.000000	0	0	0
566	20	1	1	0.000000	4.450000	4.450000	0.000000	0.000000	0	0	0
567	12	1	1	0.000000	6.166667	5.416667	0.000000	0.000000	0	0	0
568	44	1	1	0.000000	1.136364	1.136364	0.000000	0.000000	0	0	0
569	363	1	2	0.000000	14.090909	13.143251	0.000000	0.000000	0	0	0
570	44	1	1	0.000000	10.022727	9.636364	0.000000	0.000000	0	0	0
571	153	2	2	0.000000	10.836601	10.647059	0.000000	0.000000	0	0	0
572	28	1	1	0.000000	11.642857	11.642857	0.000000	0.000000	0	0	0
573	3	2	1	0.000000	87.000000	10.000000	0.000000	0.000000	0	0	0
574	52	0	1	0.000000	6.096154	6.096154	0.000000	0.000000	0	0	0
575	1	1	1	0.000000	4.000000	4.000000	0.000000	0.000000	0	0	0
576	1	1	1	0.000000	42.000000	7.000000	0.000000	0.000000	0	0	0
577	4	2	2	0.000000	46.750000	27.250000	0.000000	0.000000	0	0	0
578	4	1	1	0.000000	9.000000	9.000000	0.000000	0.000000	0	0	0
579	2	4	2	0.000000	22.500000	12.000000	0.000000	0.000000	0	0	0
580	11	1	1	0.000000	12.363636	11.818182	0.000000	0.000000	0	0	0
581	19	2	1	0.000000	20.368421	19.789474	0.000000	0.000000	0	0	0
582	6	1	1	0.000000	11.000000	10.000000	0.000000	0.000000	0	0	0
583	23	1	1	0.000000	1.000000	1.000000	0.000000	0.000000	0	0	0
584	2	2	2	0.000000	16.500000	9.000000	0.000000	0.000000	0	0	0
585	17	1	1	0.000000	15.000000	15.000000	0.000000	0.000000	0	0	0
586	61	1	0	0.000000	1.000000	1.000000	0.000000	0.000000	0	0	0
587	6	1	2	0.000000	3.000000	2.000000	0.000000	0.000000	0	0	0
588	14	1	1	0.000000	9.785714	8.928571	0.000000	0.000000	0	0	0
589	1	1	2	0.000000	24.000000	24.000000	0.000000	0.000000	0	0	0
590	1	2	2	0.000000	21.000000	21.000000	0.000000	0.000000	0	0	0
591	4	2	1	0.000000	18.250000	18.250000	0.000000	0.000000	0	0	0
592	54	1	1	0.000000	5.740741	5.740741	0.000000	0.000000	0	0	0
593	4	2	2	0.000000	6.000000	6.000000	0.000000	0.000000	0	0	0
594	54	2	1	0.000000	7.000000	7.000000	0.000000	0.000000	0	0	0
595	144	1	2	0.000000	8.993056	8.479167	0.000000	0.000000	0	0	0
596	1	1	1	0.000000	12.000000	11.000000	0.000000	0.000000	0	0	0
597	1	1	1	0.000000	1.000000	1.000000	0.000000	0.000000	0	0	0
598	4	1	2	0.000000	92.750000	9.750000	0.000000	0.000000	0	0	0
599	14	2	1	0.000000	1.142857	1.142857	0.000000	0.000000	0	0	0
600	9	2	1	0.000000	1.111111	1.111111	0.000000	0.000000	0	0	0
601	7	1	1	0.000000	1.428571	1.428571	0.000000	0.000000	0	0	0
602	5	1	1	0.000000	28.000000	12.200000	0.000000	0.000000	0	0	0
603	17	1	1	0.000000	10.176471	10.176471	0.000000	0.000000	0	0	0
604	5	2	1	0.000000	10.400000	9.600000	0.000000	0.000000	0	0	0
605	133	2	0	0.000000	17.330827	16.511278	0.000000	0.000000	0	0	0
606	40	1	1	0.000000	26.600000	25.875000	0.000000	0.000000	0	0	0
607	17	1	1	0.000000	1.058824	1.058824	0.000000	0.000000	0	0	0
608	6	1	1	0.000000	10.000000	10.000000	0.000000	0.000000	0	0	0
609	4	1	2	0.000000	21.000000	11.000000	0.000000	0.000000	0	0	0
610	8	1	1	0.000000	18.500000	18.500000	0.000000	0.000000	0	0	0
611	2	1	2	0.000000	23.500000	23.500000	0.000000	0.000000	0	0	0
612	7	1	2	0.000000	33.714286	25.428571	0.000000	0.000000	0	0	0
613	1	1	2	0.000000	42.000000	29.000000	0.000000	0.000000	0	0	0
614	1	1	2	0.000000	79.000000	40.000000	0.000000	0.000000	0	0	0
615	1	1	2	0.000000	95.000000	39.000000	0.000000	0.000000	0	0	0
616	82	1	0	0.000000	1.000000	1.000000	0.000000	0.000000	0	0	0
617	25	2	2	0.000000	5.560000	5.400000	0.000000	0.000000	0	0	0
618	17	1	1	0.000000	1.000000	1.000000	0.000000	0.000000	0	0	0
619	17	1	1	0.000000	1.000000	1.000000	0.000000	0.000000	0	0	0
620	25	1	1	0.000000	1.000000	1.000000	0.000000	0.000000	0	0	0
621	54	1	0	0.000000	1.018519	1.018519	0.000000	0.000000	0	0	0
622	4	1	2	0.000000	3.250000	3.250000	0.000000	0.000000	0	0	0
623	25	1	1	0.000000	1.000000	1.000000	0.000000	0.000000	0	0	0
624	5	2	2	0.000000	2.200000	2.200000	0.000000	0.000000	0	0	0
625	1	1	1	0.000000	2.000000	2.000000	0.000000	0.000000	0	0	0
626	1	2	2	0.000000	6.000000	6.000000	0.000000	0.000000	0	0	0
627	1	1	1	0.000000	3.000000	3.000000	0.000000	0.000000	0	0	0
628	25	1	1	0.000000	1.000000	1.000000	0.000000	0.000000	0	0	0
629	27	1	1	0.000000	1.000000	1.000000	0.000000	0.000000	0	0	0
630	295	0	2	0.000000	14.718644	14.088136	0.000000	0.000000	0	0	0
631	3	1	2	0.000000	18.666667	18.666667	0.000000	0.000000	0	0	0
632	29	1	1	0.000000	1.000000	1.000000	0.000000	0.000000	0	0	0
633	2	1	2	0.000000	21.000000	2.000000	0.000000	0.000000	0	0	0
634	11	1	2	0.000000	15.909091	13.727273	0.000000	0.000000	0	0	0
635	129	1	2	0.000000	7.418605	6.906977	0.000000	0.000000	0	0	0
636	180	2	0	0.000000	12.227778	11.788889	0.000000	0.000000	0	0	0
637	45	1	1	0.000000	16.066667	15.533333	0.000000	0.000000	0	0	0
638	1	2	2	0.000000	13.000000	12.000000	0.000000	0.000000	0	0	0
639	9	2	1	0.000000	12.111111	11.333333	0.000000	0.000000	0	0	0
640	1	2	1	0.000000	10.000000	10.000000	0.000000	0.000000	0	0	0
641	5	2	1	0.000000	9.400000	9.400000	0.000000	0.000000	0	0	0
642	11	1	1	0.000000	9.818182	9.818182	0.000000	0.000000	0	0	0
643	170	1	2	0.000000	15.888235	15.570588	0.000000	0.000000	0	0	0
644	1	2	2	0.000000	3.000000	3.000000	0.000000	0.000000	0	0	0
645	11	2	1	0.000000	2.000000	2.000000	0.000000	0.000000	0	0	0
646	19	1	1	0.000000	2.368421	1.473684	0.000000	0.000000	0	0	0
647	4	1	1	0.000000	2.000000	2.000000	0.000000	0.000000	0	0	0
648	25	1	2	0.000000	9.760000	9.080000	0.000000	0.000000	0	0	0
649	74	1	0	0.000000	1.000000	1.000000	0.000000	0.000000	0	0	0
650	1	2	2	0.000000	24.000000	2.000000	0.000000	0.000000	0	0	0
651	5	2	1	0.000000	2.000000	2.000000	0.000000	0.000000	0	0	0
652	3	1	1	0.000000	2.000000	2.000000	0.000000	0.000000	0	0	0
653	14	1	2	0.000000	3.000000	3.000000	0.000000	0.000000	0	0	0
654	4	1	1	0.000000	3.000000	3.000000	0.000000	0.000000	0	0	0
655	2	2	2	0.000000	75.500000	5.000000	0.000000	0.000000	0	0	0
656	2	1	2	0.000000	36.500000	6.000000	0.000000	0.000000	0	0	0
657	1	1	2	0.000000	10.000000	10.000000	0.000000	0.000000	0	0	0
658	51	1	1	0.000000	9.450980	9.450980	0.000000	0.000000	0	0	0
659	7	2	1	0.000000	1.142857	1.142857	0.000000	0.000000	0	0	0
660	10	1	1	0.000000	1.000000	1.000000	0.000000	0.000000	0	0	0
661	110	2	2	0.000000	17.800000	15.672727	0.000000	0.000000	0	0	0
662	2	1	1	0.000000	8.000000	8.000000	0.000000	0.000000	0	0	0
663	2	1	2	0.000000	8.500000	8.500000	0.000000	0.000000	0	0	0
664	21	2	2	0.000000	10.238095	6.238095	0.000000	0.000000	0	0	0
665	3	1	2	0.000000	11.666667	8.000000	0.000000	0.000000	0	0	0
666	2	1	1	0.000000	3.000000	2.000000	0.000000	0.000000	0	0	0
667	8	3	2	0.000000	4.000000	3.000000	0.000000	0.000000	0	0	0
668	3	1	1	0.000000	1.333333	1.333333	0.000000	0.000000	0	0	0
669	2	3	2	0.000000	5.000000	3.000000	0.000000	0.000000	0	0	0
670	2	1	1	0.000000	3.000000	2.000000	0.000000	0.000000	0	0	0
671	2	1	2	0.000000	13.000000	10.500000	0.000000	0.000000	0	0	0
672	56	1	1	0.000000	7.678571	7.678571	0.000000	0.000000	0	0	0
673	22	2	2	0.000000	19.181818	18.363636	0.000000	0.000000	0	0	0
674	8	2	2	0.000000	18.875000	17.250000	0.000000	0.000000	0	0	0
675	17	1	1	0.000000	13.941176	12.588235	0.000000	0.000000	0	0	0
676	1	1	1	0.000000	10.000000	10.000000	0.000000	0.000000	0	0	0
677	6	2	2	0.000000	55.166667	8.833333	0.000000	0.000000	0	0	0
678	38	2	0	0.000000	1.026316	1.026316	0.000000	0.000000	0	0	0
679	26	1	1	0.000000	1.000000	1.000000	0.000000	0.000000	0	0	0
680	15	1	1	0.000000	5.266667	4.533333	0.000000	0.000000	0	0	0
681	16	2	2	0.000000	9.562500	9.062500	0.000000	0.000000	0	0	0
682	4	1	1	0.000000	9.500000	8.500000	0.000000	0.000000	0	0	0
683	5	1	2	0.000000	11.000000	10.000000	0.000000	0.000000	0	0	0
684	47	1	1	0.000000	10.829787	10.829787	0.000000	0.000000	0	0	0
685	66	1	0	0.000000	1.000000	1.000000	0.000000	0.000000	0	0	0
686	3	1	2	0.000000	2.000000	2.000000	0.000000	0.000000	0	0	0
687	3	1	1	0.000000	5.000000	5.000000	0.000000	0.000000	0	0	0
688	10	1	2	0.000000	4.700000	4.700000	0.000000	0.000000	0	0	0
689	51	1	1	0.000000	1.058824	1.058824	0.000000	0.000000	0	0	0
690	2	3	3	0.000000	98.500000	10.000000	0.000000	0.000000	0	0	0
691	4	1	2	0.000000	67.500000	11.250000	0.000000	0.000000	0	0	0
692	1	1	2	0.000000	117.000000	24.000000	0.000000	0.000000	0	0	0
693	53	1	2	0.000000	12.830189	12.358491	0.000000	0.000000	0	0	0
694	106	1	2	0.000000	21.254717	20.452830	0.000000	0.000000	0	0	0
695	2	3	2	0.000000	39.000000	39.000000	0.000000	0.000000	0	0	0
696	2	1	1	0.000000	33.500000	33.500000	0.000000	0.000000	0	0	0
697	279	0	2	0.000000	16.602151	15.354839	0.000000	0.000000	0	0	0
698	2	1	1	0.000000	17.500000	14.500000	0.000000	0.000000	0	0	0
699	25	1	1	0.000000	9.320000	8.440000	0.000000	0.000000	0	0	0
700	19	1	1	0.000000	11.684211	4.526316	0.000000	0.000000	0	0	0
701	14	1	2	0.000000	18.000000	16.142857	0.000000	0.000000	0	0	0
702	28	2	1	0.000000	14.000000	14.000000	0.000000	0.000000	0	0	0
703	17	1	1	0.000000	1.000000	1.000000	0.000000	0.000000	0	0	0
704	2	1	2	0.000000	5.500000	3.000000	0.000000	0.000000	0	0	0
705	2	1	4	0.000000	9.500000	7.000000	0.000000	0.000000	0	0	0
706	18	1	1	0.000000	1.000000	1.000000	0.000000	0.000000	0	0	0
707	30	2	2	0.000000	3.766667	3.766667	0.000000	0.000000	0	0	0
708	8	2	2	0.000000	47.000000	16.000000	0.000000	0.000000	0	0	0
709	3	1	1	0.000000	46.000000	1.000000	0.000000	0.000000	0	0	0
710	17	1	1	0.000000	1.000000	1.000000	0.000000	0.000000	0	0	0
711	9	2	1	0.000000	6.111111	6.111111	0.000000	0.000000	0	0	0
712	8	1	1	0.000000	4.000000	4.000000	0.000000	0.000000	0	0	0
713	4	1	1	0.000000	1.000000	1.000000	0.000000	0.000000	0	0	0
714	12	1	1	0.000000	70.083333	17.583333	0.000000	0.000000	0	0	0
715	11	2	1	0.000000	2.000000	2.000000	0.000000	0.000000	0	0	0
716	4	2	1	0.000000	2.000000	2.000000	0.000000	0.000000	0	0	0
717	2	1	1	0.000000	1.000000	1.000000	0.000000	0.000000	0	0	0
718	18	1	1	0.000000	1.000000	1.000000	0.000000	0.000000	0	0	0
719	36	2	1	0.000000	1.444444	1.111111	0.000000	0.000000	0	0	0
720	15	1	1	0.000000	1.000000	1.000000	0.000000	0.000000	0	0	0
721	44	1	0	0.000000	1.000000	1.000000	0.000000	0.000000	0	0	0
722	1	1	2	0.000000	2.000000	2.000000	0.000000	0.000000	0	0	0
723	9	1	1	0.000000	1.000000	1.000000	0.000000	0.000000	0	0	0
724	12	1	1	0.000000	1.000000	1.000000	0.000000	0.000000	0	0	0
725	6	1	1	0.000000	1.000000	1.000000	0.000000	0.000000	0	0	0
726	35	1	1	0.000000	1.000000	1.000000	0.000000	0.000000	0	0	0
727	36	1	0	0.000000	1.000000	1.000000	0.000000	0.000000	0	0	0
728	13	2	1	0.000000	2.000000	1.230769	0.000000	0.000000	0	0	0
729	17	1	1	0.000000	1.000000	1.000000	0.000000	0.000000	0	0	0
730	9	1	1	0.000000	3.000000	3.000000	0.000000	0.000000	0	0	0
731	4	1	2	0.000000	3.750000	3.750000	0.000000	0.000000	0	0	0
732	22	2	1	0.000000	6.409091	6.409091	0.000000	0.000000	0	0	0
733	46	1	1	0.000000	1.000000	1.000000	0.000000	0.000000	0	0	0
734	4	1	1	0.000000	1.000000	1.000000	0.000000	0.000000	0	0	0
735	25	1	1	0.000000	1.000000	1.000000	0.000000	0.000000	0	0	0
736	4	1	2	0.000000	2.000000	2.000000	0.000000	0.000000	0	0	0
737	4	1	2	0.000000	3.000000	3.000000	0.000000	0.000000	0	0	0
738	1	1	2	0.000000	4.000000	4.000000	0.000000	0.000000	0	0	0
739	28	1	1	0.000000	1.000000	1.000000	0.000000	0.000000	0	0	0
740	11	1	2	0.000000	5.000000	5.000000	0.000000	0.000000	0	0	0
741	34	1	1	0.000000	3.000000	3.000000	0.000000	0.000000	0	0	0
742	2	1	1	0.000000	95.500000	7.000000	0.000000	0.000000	0	0	0
743	6	1	2	0.000000	15.666667	3.666667	0.000000	0.000000	0	0	0
744	48	1	1	0.000000	1.000000	1.000000	0.000000	0.000000	0	0	0
745	73	1	0	0.000000	1.000000	1.000000	0.000000	0.000000	0	0	0
746	46	1	0	0.000000	1.000000	1.000000	0.000000	0.000000	0	0	0
747	23	1	1	0.000000	1.000000	1.000000	0.000000	0.000000	0	0	0
748	14	2	1	0.000000	7.357143	5.285714	0.000000	0.000000	0	0	0
749	30	2	1	0.000000	4.900000	4.700000	0.000000	0.000000	0	0	0
750	2	2	2	0.000000	28.000000	4.500000	0.000000	0.000000	0	0	0
751	4	1	2	0.000000	20.250000	11.000000	0.000000	0.000000	0	0	0
752	7	2	1	0.000000	24.857143	2.571429	0.000000	0.000000	0	0	0
753	4	1	1	0.000000	2.000000	2.000000	0.000000	0.000000	0	0	0
754	1	1	1	0.000000	2.000000	2.000000	0.000000	0.000000	0	0	0
755	4	1	2	0.000000	3.000000	3.000000	0.000000	0.000000	0	0	0
756	2	1	1	0.000000	4.000000	4.000000	0.000000	0.000000	0	0	0
757	2	1	1	0.000000	1.000000	1.000000	0.000000	0.000000	0	0	0
758	7	1	1	0.000000	8.142857	8.142857	0.000000	0.000000	0	0	0
759	18	1	1	0.000000	6.555556	6.555556	0.000000	0.000000	0	0	0
760	2	2	1	0.000000	9.000000	9.000000	0.000000	0.000000	0	0	0
761	3	2	1	0.000000	4.666667	1.666667	0.000000	0.000000	0	0	0
762	1	2	2	0.000000	8.000000	8.000000	0.000000	0.000000	0	0	0
763	3	2	1	0.000000	5.666667	5.666667	0.000000	0.000000	0	0	0
764	1	1	1	0.000000	4.000000	4.000000	0.000000	0.000000	0	0	0
765	1	2	2	0.000000	6.000000	6.000000	0.000000	0.000000	0	0	0
766	1	1	1	0.000000	5.000000	5.000000	0.000000	0.000000	0	0	0
767	7	1	1	0.000000	1.000000	1.000000	0.000000	0.000000	0	0	0
768	1	2	1	0.000000	4.000000	3.000000	0.000000	0.000000	0	0	0
769	4	1	1	0.000000	3.000000	2.000000	0.000000	0.000000	0	0	0
770	34	1	0	0.000000	1.000000	1.000000	0.000000	0.000000	0	0	0
771	44	1	0	0.000000	1.000000	1.000000	0.000000	0.000000	0	0	0
772	41	1	0	0.000000	1.000000	1.000000	0.000000	0.000000	0	0	0
773	2	2	2	0.000000	2.000000	2.000000	0.000000	0.000000	0	0	0
774	21	1	1	0.000000	1.000000	1.000000	0.000000	0.000000	0	0	0
775	3	1	3	0.000000	4.000000	2.000000	0.000000	0.000000	0	0	0
776	5	1	1	0.000000	13.800000	13.800000	0.000000	0.000000	0	0	0
777	9	1	1	0.000000	1.000000	1.000000	0.000000	0.000000	0	0	0
778	1	1	1	0.000000	1.000000	1.000000	0.000000	0.000000	0	0	0
779	17	1	1	0.000000	1.000000	1.000000	0.000000	0.000000	0	0	0
780	35	1	0	0.000000	1.000000	1.000000	0.000000	0.000000	0	0	0
781	6	1	1	0.000000	1.000000	1.000000	0.000000	0.000000	0	0	0
782	4	2	2	0.000000	2.000000	2.000000	0.000000	0.000000	0	0	0
783	1	1	1	0.000000	1.000000	1.000000	0.000000	0.000000	0	0	0
784	2	1	2	0.000000	6.000000	5.000000	0.000000	0.000000	0	0	0
785	2	1	2	0.000000	7.000000	7.000000	0.000000	0.000000	0	0	0
786	13	1	2	0.000000	11.615385	11.615385	0.000000	0.000000	0	0	0
787	9	1	1	0.000000	14.000000	7.666667	0.000000	0.000000	0	0	0
788	34	1	0	0.000000	1.000000	1.000000	0.000000	0.000000	0	0	0
789	17	1	1	0.000000	1.000000	1.000000	0.000000	0.000000	0	0	0
790	6	1	1	0.000000	5.500000	5.500000	0.000000	0.000000	0	0	0
791	2	2	2	0.000000	6.000000	6.000000	0.000000	0.000000	0	0	0
792	34	1	0	0.000000	1.058824	1.058824	0.000000	0.000000	0	0	0
793	10	1	1	0.000000	19.000000	1.000000	0.000000	0.000000	0	0	0
794	33	1	1	0.000000	1.000000	1.000000	0.000000	0.000000	0	0	0
795	1	1	2	0.000000	70.000000	11.000000	0.000000	0.000000	0	0	0
796	9	1	1	0.000000	1.000000	1.000000	0.000000	0.000000	0	0	0
797	36	1	0	0.000000	1.222222	1.222222	0.000000	0.000000	0	0	0
798	1	1	3	0.000000	5.000000	5.000000	0.000000	0.000000	0	0	0
799	35	1	0	0.000000	1.000000	1.000000	0.000000	0.000000	0	0	0
800	5	2	1	0.000000	2.600000	1.600000	0.000000	0.000000	0	0	0
801	16	1	1	0.000000	2.000000	1.437500	0.000000	0.000000	0	0	0
802	17	1	1	0.000000	1.000000	1.000000	0.000000	0.000000	0	0	0
803	60	1	0	0.000000	1.000000	1.000000	0.000000	0.000000	0	0	0
804	4	2	1	0.000000	2.000000	2.000000	0.000000	0.000000	0	0	0
805	6	1	1	0.000000	1.000000	1.000000	0.000000	0.000000	0	0	0
806	2	1	1	0.000000	1.000000	1.000000	0.000000	0.000000	0	0	0
807	3	1	2	0.000000	2.000000	2.000000	0.000000	0.000000	0	0	0
808	2	1	1	0.000000	28.000000	1.500000	0.000000	0.000000	0	0	0
809	1	2	2	0.000000	44.000000	2.000000	0.000000	0.000000	0	0	0
810	30	1	1	0.000000	1.433333	1.433333	0.000000	0.000000	0	0	0
811	3	1	1	0.000000	3.000000	3.000000	0.000000	0.000000	0	0	0
812	8	1	1	0.000000	12.875000	9.000000	0.000000	0.000000	0	0	0
813	6	1	1	0.000000	1.000000	1.000000	0.000000	0.000000	0	0	0
814	37	1	0	0.000000	1.000000	1.000000	0.000000	0.000000	0	0	0
815	6	1	1	0.000000	6.000000	6.000000	0.000000	0.000000	0	0	0
816	62	1	0	0.000000	1.000000	1.000000	0.000000	0.000000	0	0	0
817	5	1	1	0.000000	2.000000	2.000000	0.000000	0.000000	0	0	0
818	8	1	1	0.000000	1.000000	1.000000	0.000000	0.000000	0	0	0
819	17	1	1	0.000000	1.000000	1.000000	0.000000	0.000000	0	0	0
820	55	1	1	0.000000	1.000000	1.000000	0.000000	0.000000	0	0	0
821	7	1	1	0.000000	1.000000	1.000000	0.000000	0.000000	0	0	0
822	1	1	1	0.000000	1.000000	1.000000	0.000000	0.000000	0	0	0
823	43	2	0	0.000000	1.162791	1.162791	0.000000	0.000000	0	0	0
824	7	1	1	0.000000	2.142857	2.142857	0.000000	0.000000	0	0	0
825	1	1	1	0.000000	2.000000	2.000000	0.000000	0.000000	0	0	0
826	13	1	1	0.000000	2.000000	1.153846	0.000000	0.000000	0	0	0
827	1	1	2	0.000000	5.000000	1.000000	0.000000	0.000000	0	0	0
828	8	1	1	0.000000	1.000000	1.000000	0.000000	0.000000	0	0	0
829	6	2	2	0.000000	4.666667	4.666667	0.000000	0.000000	0	0	0
830	3	1	1	0.000000	1.000000	1.000000	0.000000	0.000000	0	0	0
831	10	1	1	0.000000	1.200000	1.200000	0.000000	0.000000	0	0	0
832	39	1	0	0.000000	1.000000	1.000000	0.000000	0.000000	0	0	0
833	8	1	2	0.000000	2.000000	2.000000	0.000000	0.000000	0	0	0
834	668	1	1	0.000000	18.764970	18.035928	0.000000	0.000000	0	0	0
835	9	1	1	0.000000	1.000000	1.000000	0.000000	0.000000	0	0	0
836	3	2	1	0.000000	7.333333	6.333333	0.000000	0.000000	0	0	0
837	14	1	1	0.000000	5.857143	5.357143	0.000000	0.000000	0	0	0
838	17	1	1	0.000000	1.000000	1.000000	0.000000	0.000000	0	0	0
839	4	1	1	0.000000	2.000000	2.000000	0.000000	0.000000	0	0	0
840	4	1	2	0.000000	4.000000	4.000000	0.000000	0.000000	0	0	0
841	40	1	0	0.000000	1.000000	1.000000	0.000000	0.000000	0	0	0
842	6	1	2	0.000000	3.333333	2.333333	0.000000	0.000000	0	0	0
843	4	1	2	0.000000	6.000000	5.000000	0.000000	0.000000	0	0	0
844	49	1	0	0.000000	1.224490	1.224490	0.000000	0.000000	0	0	0
845	17	1	1	0.000000	1.000000	1.000000	0.000000	0.000000	0	0	0
846	40	1	1	0.000000	1.000000	1.000000	0.000000	0.000000	0	0	0
847	2	1	1	0.000000	1.000000	1.000000	0.000000	0.000000	0	0	0
848	7	1	1	0.000000	1.000000	1.000000	0.000000	0.000000	0	0	0
849	38	1	0	0.000000	1.000000	1.000000	0.000000	0.000000	0	0	0
850	13	2	1	0.000000	27.230769	1.153846	0.000000	0.000000	0	0	0
851	18	1	1	0.000000	1.000000	1.000000	0.000000	0.000000	0	0	0
852	242	2	2	0.000000	7.318182	6.826446	0.000000	0.000000	0	0	0
853	33	1	1	0.000000	6.666667	5.121212	0.000000	0.000000	0	0	0
854	17	1	1	0.000000	1.000000	1.000000	0.000000	0.000000	0	0	0
855	37	1	0	0.000000	1.000000	1.000000	0.000000	0.000000	0	0	0
856	28	1	2	0.000000	9.785714	9.785714	0.000000	0.000000	0	0	0
857	9	1	1	0.000000	3.888889	3.333333	0.000000	0.000000	0	0	0
858	9	1	1	0.000000	1.000000	1.000000	0.000000	0.000000	0	0	0
859	56	1	0	0.000000	1.000000	1.000000	0.000000	0.000000	0	0	0
860	3	2	1	0.000000	3.000000	3.000000	0.000000	0.000000	0	0	0
861	17	1	1	0.000000	1.000000	1.000000	0.000000	0.000000	0	0	0
862	10	1	1	0.000000	3.000000	3.000000	0.000000	0.000000	0	0	0
863	57	1	0	0.000000	1.000000	1.000000	0.000000	0.000000	0	0	0
864	48	1	0	0.000000	1.041667	1.041667	0.000000	0.000000	0	0	0
865	1	2	2	0.000000	16.000000	2.000000	0.000000	0.000000	0	0	0
866	12	1	1	0.000000	1.000000	1.000000	0.000000	0.000000	0	0	0
867	26	1	1	0.000000	1.000000	1.000000	0.000000	0.000000	0	0	0
868	70	1	0	0.000000	1.000000	1.000000	0.000000	0.000000	0	0	0
869	40	1	0	0.000000	1.000000	1.000000	0.000000	0.000000	0	0	0
870	50	1	0	0.000000	1.000000	1.000000	0.000000	0.000000	0	0	0
871	64	1	0	0.000000	1.078125	1.078125	0.000000	0.000000	0	0	0
872	53	1	0	0.000000	1.000000	1.000000	0.000000	0.000000	0	0	0
873	2	2	2	0.000000	3.000000	3.000000	0.000000	0.000000	0	0	0
874	1	2	2	0.000000	4.000000	4.000000	0.000000	0.000000	0	0	0
875	1	2	1	0.000000	3.000000	3.000000	0.000000	0.000000	0	0	0
876	24	1	1	0.000000	1.000000	1.000000	0.000000	0.000000	0	0	0
877	1	1	2	0.000000	2.000000	2.000000	0.000000	0.000000	0	0	0
878	34	1	0	0.000000	1.000000	1.000000	0.000000	0.000000	0	0	0
879	5	1	1	0.000000	2.200000	2.200000	0.000000	0.000000	0	0	0
880	1	2	1	0.000000	4.000000	4.000000	0.000000	0.000000	0	0	0
881	2	1	1	0.000000	3.000000	3.000000	0.000000	0.000000	0	0	0
882	3	1	1	0.000000	1.000000	1.000000	0.000000	0.000000	0	0	0
883	1	1	1	0.000000	3.000000	3.000000	0.000000	0.000000	0	0	0
884	1	2	1	0.000000	3.000000	3.000000	0.000000	0.000000	0	0	0
885	1	1	1	0.000000	2.000000	2.000000	0.000000	0.000000	0	0	0
886	1	1	2	0.000000	3.000000	3.000000	0.000000	0.000000	0	0	0
887	17	1	1	0.000000	1.000000	1.000000	0.000000	0.000000	0	0	0
888	5	1	1	0.000000	1.000000	1.000000	0.000000	0.000000	0	0	0
889	4	1	1	0.000000	1.000000	1.000000	0.000000	0.000000	0	0	0
890	17	1	1	0.000000	1.000000	1.000000	0.000000	0.000000	0	0	0
891	19	1	1	0.000000	1.000000	1.000000	0.000000	0.000000	0	0	0
892	11	1	1	0.000000	2.000000	2.000000	0.000000	0.000000	0	0	0
893	53	1	1	0.000000	1.000000	1.000000	0.000000	0.000000	0	0	0
894	23	1	1	0.000000	2.391304	1.521739	0.000000	0.000000	0	0	0
895	43	1	1	0.000000	1.000000	1.000000	0.000000	0.000000	0	0	0
896	41	1	0	0.000000	1.000000	1.000000	0.000000	0.000000	0	0	0
897	45	1	1	0.000000	1.000000	1.000000	0.000000	0.000000	0	0	0
898	2	2	1	0.000000	2.000000	2.000000	0.000000	0.000000	0	0	0
899	17	1	1	0.000000	1.000000	1.000000	0.000000	0.000000	0	0	0
900	48	1	0	0.000000	1.000000	1.000000	0.000000	0.000000	0	0	0
901	47	1	0	0.000000	1.000000	1.000000	0.000000	0.000000	0	0	0
902	39	1	0	0.000000	1.000000	1.000000	0.000000	0.000000	0	0	0
903	17	1	1	0.000000	1.000000	1.000000	0.000000	0.000000	0	0	0
904	59	1	0	0.000000	1.000000	1.000000	0.000000	0.000000	0	0	0
905	60	1	1	0.000000	1.000000	1.000000	0.000000	0.000000	0	0	0
906	52	1	0	0.000000	1.038462	1.038462	0.000000	0.000000	0	0	0
907	38	1	0	0.000000	1.000000	1.000000	0.000000	0.000000	0	0	0
908	34	1	0	0.000000	1.000000	1.000000	0.000000	0.000000	0	0	0
909	60	1	0	0.000000	1.000000	1.000000	0.000000	0.000000	0	0	0
910	2	2	1	0.000000	1.500000	1.500000	0.000000	0.000000	0	0	0
911	11	1	1	0.000000	1.000000	1.000000	0.000000	0.000000	0	0	0
912	1	1	1	0.000000	4.000000	4.000000	0.000000	0.000000	0	0	0
913	13	1	1	0.000000	2.000000	2.000000	0.000000	0.000000	0	0	0
914	17	1	1	0.000000	1.000000	1.000000	0.000000	0.000000	0	0	0
915	12	2	1	0.000000	2.333333	2.333333	0.000000	0.000000	0	0	0
916	5	1	1	0.000000	1.000000	1.000000	0.000000	0.000000	0	0	0
917	3	1	1	0.000000	1.000000	1.000000	0.000000	0.000000	0	0	0
918	1	2	2	0.000000	3.000000	3.000000	0.000000	0.000000	0	0	0
919	1	1	1	0.000000	1.000000	1.000000	0.000000	0.000000	0	0	0
920	2	1	2	0.000000	2.000000	2.000000	0.000000	0.000000	0	0	0
921	1	2	2	0.000000	4.000000	4.000000	0.000000	0.000000	0	0	0
922	5	1	1	0.000000	2.000000	2.000000	0.000000	0.000000	0	0	0
923	3	1	1	0.000000	2.000000	2.000000	0.000000	0.000000	0	0	0
924	17	1	1	0.000000	1.000000	1.000000	0.000000	0.000000	0	0	0
925	45	1	1	0.000000	1.000000	1.000000	0.000000	0.000000	0	0	0
926	4	1	1	0.000000	1.000000	1.000000	0.000000	0.000000	0	0	0
927	57	1	0	0.000000	1.000000	1.000000	0.000000	0.000000	0	0	0
928	29	1	1	0.000000	1.206897	1.206897	0.000000	0.000000	0	0	0
929	17	1	1	0.000000	1.000000	1.000000	0.000000	0.000000	0	0	0
930	2	1	1	0.000000	1.000000	1.000000	0.000000	0.000000	0	0	0
931	16	1	1	0.000000	1.000000	1.000000	0.000000	0.000000	0	0	0
932	38	1	2	0.000000	1.052632	1.052632	0.000000	0.000000	0	0	0
933	386	1	2	0.000000	8.544041	8.445596	0.000000	0.000000	0	0	0
934	12	2	2	0.000000	6.250000	5.250000	0.000000	0.000000	0	0	0
935	8	2	1	0.000000	2.250000	1.250000	0.000000	0.000000	0	0	0
936	17	1	1	0.000000	1.000000	1.000000	0.000000	0.000000	0	0	0
937	17	1	1	0.000000	1.000000	1.000000	0.000000	0.000000	0	0	0
938	3	1	1	0.000000	1.000000	1.000000	0.000000	0.000000	0	0	0
939	41	1	0	0.000000	1.000000	1.000000	0.000000	0.000000	0	0	0
940	4	1	1	0.000000	1.000000	1.000000	0.000000	0.000000	0	0	0
941	27	1	1	0.000000	1.000000	1.000000	0.000000	0.000000	0	0	0
942	73	1	0	0.000000	1.013699	1.013699	0.000000	0.000000	0	0	0
943	7	1	1	0.000000	2.000000	2.000000	0.000000	0.000000	0	0	0
944	2	1	1	0.000000	1.000000	1.000000	0.000000	0.000000	0	0	0
945	0	2	1	Inf	Inf	Inf	Inf	Inf	0	0	0
946	9	1	1	0.000000	2.000000	2.000000	0.000000	0.000000	0	0	0
947	34	1	0	0.000000	1.000000	1.000000	0.000000	0.000000	0	0	0
948	1	1	2	0.000000	3.000000	3.000000	0.000000	0.000000	0	0	0
949	13	1	1	0.000000	23.000000	20.307692	0.000000	0.000000	0	0	0
950	6	1	1	0.000000	1.000000	1.000000	0.000000	0.000000	0	0	0
951	14	2	2	0.000000	22.285714	2.214286	0.000000	0.000000	0	0	0
952	2	2	1	0.000000	2.000000	2.000000	0.000000	0.000000	0	0	0
953	5	1	1	0.000000	1.000000	1.000000	0.000000	0.000000	0	0	0
954	39	1	0	0.000000	1.000000	1.000000	0.000000	0.000000	0	0	0
955	63	1	0	0.000000	1.000000	1.000000	0.000000	0.000000	0	0	0
956	3	2	2	0.000000	3.000000	3.000000	0.000000	0.000000	0	0	0
957	1	2	1	0.000000	2.000000	2.000000	0.000000	0.000000	0	0	0
958	36	1	1	0.000000	1.000000	1.000000	0.000000	0.000000	0	0	0
959	34	1	0	0.000000	1.000000	1.000000	0.000000	0.000000	0	0	0
960	4	1	2	0.000000	5.000000	1.000000	0.000000	0.000000	0	0	0
961	25	1	1	0.000000	1.000000	1.000000	0.000000	0.000000	0	0	0
962	23	1	1	0.000000	1.000000	1.000000	0.000000	0.000000	0	0	0
963	1	3	2	0.000000	100.000000	2.000000	0.000000	0.000000	0	0	0
964	17	1	1	0.000000	1.000000	1.000000	0.000000	0.000000	0	0	0
965	17	1	1	0.000000	1.000000	1.000000	0.000000	0.000000	0	0	0
966	5	1	1	0.000000	1.000000	1.000000	0.000000	0.000000	0	0	0
967	17	1	1	0.000000	1.000000	1.000000	0.000000	0.000000	0	0	0
968	37	1	0	0.000000	1.540541	1.027027	0.000000	0.000000	0	0	0
969	2	1	1	0.000000	1.000000	1.000000	0.000000	0.000000	0	0	0
970	5	2	2	0.000000	18.400000	3.200000	0.000000	0.000000	0	0	0
971	34	1	0	0.000000	1.000000	1.000000	0.000000	0.000000	0	0	0
972	1	1	1	0.000000	17.000000	1.000000	0.000000	0.000000	0	0	0
973	26	1	1	0.000000	1.000000	1.000000	0.000000	0.000000	0	0	0
974	76	1	0	0.000000	1.000000	1.000000	0.000000	0.000000	0	0	0
975	17	1	1	0.000000	1.000000	1.000000	0.000000	0.000000	0	0	0
976	80	1	0	0.000000	1.000000	1.000000	0.000000	0.000000	0	0	0
977	1	2	1	0.000000	19.000000	2.000000	0.000000	0.000000	0	0	0
978	3	1	2	0.000000	19.666667	1.000000	0.000000	0.000000	0	0	0
979	2	1	1	0.000000	1.000000	1.000000	0.000000	0.000000	0	0	0
980	19	1	1	0.000000	1.000000	1.000000	0.000000	0.000000	0	0	0
981	4	1	1	0.000000	1.000000	1.000000	0.000000	0.000000	0	0	0
982	17	1	1	0.000000	1.764706	1.764706	0.000000	0.000000	0	0	0
983	23	1	1	0.000000	1.000000	1.000000	0.000000	0.000000	0	0	0
984	53	1	1	0.000000	1.000000	1.000000	0.000000	0.000000	0	0	0
985	51	1	0	0.000000	1.000000	1.000000	0.000000	0.000000	0	0	0
986	54	1	0	0.000000	1.000000	1.000000	0.000000	0.000000	0	0	0
987	1	2	2	0.000000	2.000000	2.000000	0.000000	0.000000	0	0	0
988	1	1	1	0.000000	1.000000	1.000000	0.000000	0.000000	0	0	0
989	13	1	1	0.000000	1.000000	1.000000	0.000000	0.000000	0	0	0
990	76	1	1	0.000000	1.000000	1.000000	0.000000	0.000000	0	0	0
991	17	1	1	0.000000	1.000000	1.000000	0.000000	0.000000	0	0	0
992	57	1	0	0.000000	1.000000	1.000000	0.000000	0.000000	0	0	0
993	2	2	1	0.000000	19.500000	1.500000	0.000000	0.000000	0	0	0
994	1	2	2	0.000000	24.000000	2.000000	0.000000	0.000000	0	0	0
995	48	1	0	0.000000	1.000000	1.000000	0.000000	0.000000	0	0	0
996	2	1	2	0.000000	2.000000	2.000000	0.000000	0.000000	0	0	0
997	11	1	2	0.000000	2.000000	1.454545	0.000000	0.000000	0	0	0
998	17	1	1	0.000000	1.000000	1.000000	0.000000	0.000000	0	0	0
999	44	1	0	0.000000	1.000000	1.000000	0.000000	0.000000	0	0	0
1000	63	1	0	0.000000	1.000000	1.000000	0.000000	0.000000	0	0	0
1001	4	1	1	0.000000	1.000000	1.000000	0.000000	0.000000	0	0	0
1002	6	1	2	0.000000	1.666667	1.666667	0.000000	0.000000	0	0	0
1003	28	1	1	0.000000	1.000000	1.000000	0.000000	0.000000	0	0	0
1004	17	1	1	0.000000	1.000000	1.000000	0.000000	0.000000	0	0	0
1005	38	1	0	0.000000	1.000000	1.000000	0.000000	0.000000	0	0	0
1006	25	1	1	0.000000	1.000000	1.000000	0.000000	0.000000	0	0	0
1007	36	1	1	0.000000	1.000000	1.000000	0.000000	0.000000	0	0	0
1008	1	1	1	0.000000	1.000000	1.000000	0.000000	0.000000	0	0	0
1009	17	1	1	0.000000	1.000000	1.000000	0.000000	0.000000	0	0	0
1010	41	1	0	0.000000	1.000000	1.000000	0.000000	0.000000	0	0	0
1011	67	1	0	0.000000	1.000000	1.000000	0.000000	0.000000	0	0	0
1012	1	1	2	0.000000	2.000000	2.000000	0.000000	0.000000	0	0	0
1013	53	1	0	0.000000	1.000000	1.000000	0.000000	0.000000	0	0	0
1014	56	1	0	0.000000	1.000000	1.000000	0.000000	0.000000	0	0	0
1015	31	1	1	0.000000	1.000000	1.000000	0.000000	0.000000	0	0	0
1016	58	1	0	0.000000	1.000000	1.000000	0.000000	0.000000	0	0	0
1017	17	1	1	0.000000	1.000000	1.000000	0.000000	0.000000	0	0	0
1018	65	1	0	0.000000	1.000000	1.000000	0.000000	0.000000	0	0	0
1019	50	1	0	0.000000	1.000000	1.000000	0.000000	0.000000	0	0	0
1020	52	1	0	0.000000	1.000000	1.000000	0.000000	0.000000	0	0	0
1021	3	1	1	0.000000	1.000000	1.000000	0.000000	0.000000	0	0	0
1022	9	1	1	0.000000	2.000000	2.000000	0.000000	0.000000	0	0	0
1023	5	1	1	0.000000	14.000000	2.000000	0.000000	0.000000	0	0	0
1024	14	1	1	0.000000	1.000000	1.000000	0.000000	0.000000	0	0	0
1025	46	1	1	0.000000	1.000000	1.000000	0.000000	0.000000	0	0	0
1026	65	1	0	0.000000	1.000000	1.000000	0.000000	0.000000	0	0	0
1027	3	1	1	0.000000	1.000000	1.000000	0.000000	0.000000	0	0	0
1028	36	1	1	0.000000	1.027778	1.027778	0.000000	0.000000	0	0	0
1029	23	1	1	0.000000	1.000000	1.000000	0.000000	0.000000	0	0	0
1030	1	1	2	0.000000	2.000000	2.000000	0.000000	0.000000	0	0	0
1031	50	1	0	0.000000	1.000000	1.000000	0.000000	0.000000	0	0	0
1032	38	1	0	0.000000	1.000000	1.000000	0.000000	0.000000	0	0	0
1033	34	1	0	0.000000	1.000000	1.000000	0.000000	0.000000	0	0	0
1034	35	1	1	0.000000	1.000000	1.000000	0.000000	0.000000	0	0	0
1035	17	1	1	0.000000	1.000000	1.000000	0.000000	0.000000	0	0	0
1036	17	1	1	0.000000	1.000000	1.000000	0.000000	0.000000	0	0	0
1037	66	1	0	0.000000	1.000000	1.000000	0.000000	0.000000	0	0	0
1038	33	1	1	0.000000	1.000000	1.000000	0.000000	0.000000	0	0	0
1039	47	1	0	0.000000	1.000000	1.000000	0.000000	0.000000	0	0	0
1040	34	1	0	0.000000	1.000000	1.000000	0.000000	0.000000	0	0	0
1041	48	1	0	0.000000	1.062500	1.062500	0.000000	0.000000	0	0	0
1042	54	1	0	0.000000	1.000000	1.000000	0.000000	0.000000	0	0	0
1043	9	1	1	0.000000	1.000000	1.000000	0.000000	0.000000	0	0	0
1044	66	1	1	0.000000	1.000000	1.000000	0.000000	0.000000	0	0	0
1045	55	1	0	0.000000	1.000000	1.000000	0.000000	0.000000	0	0	0
1046	6	2	1	0.000000	1.000000	1.000000	0.000000	0.000000	0	0	0
1047	17	1	1	0.000000	1.000000	1.000000	0.000000	0.000000	0	0	0
1048	60	1	0	0.000000	1.000000	1.000000	0.000000	0.000000	0	0	0
1049	39	1	0	0.000000	1.000000	1.000000	0.000000	0.000000	0	0	0
1050	19	1	1	0.000000	1.105263	1.105263	0.000000	0.000000	0	0	0
1051	1	1	1	0.000000	1.000000	1.000000	0.000000	0.000000	0	0	0
1052	1	1	1	0.000000	14.000000	1.000000	0.000000	0.000000	0	0	0
1053	17	1	1	0.000000	1.000000	1.000000	0.000000	0.000000	0	0	0
1054	17	1	1	0.000000	1.000000	1.000000	0.000000	0.000000	0	0	0
1055	10	1	1	0.000000	1.000000	1.000000	0.000000	0.000000	0	0	0
1056	5	2	2	0.000000	2.000000	2.000000	0.000000	0.000000	0	0	0
1057	18	1	1	0.000000	1.000000	1.000000	0.000000	0.000000	0	0	0
1058	1	3	1	0.000000	86.000000	1.000000	0.000000	0.000000	0	0	0
1059	64	1	0	0.000000	1.000000	1.000000	0.000000	0.000000	0	0	0
1060	49	1	0	0.000000	1.000000	1.000000	0.000000	0.000000	0	0	0
1061	17	1	1	0.000000	1.000000	1.000000	0.000000	0.000000	0	0	0
1062	71	1	0	0.000000	1.000000	1.000000	0.000000	0.000000	0	0	0
1063	62	1	0	0.000000	1.000000	1.000000	0.000000	0.000000	0	0	0
1064	1	2	3	0.000000	5.000000	2.000000	0.000000	0.000000	0	0	0
1065	14	2	1	0.000000	1.000000	1.000000	0.000000	0.000000	0	0	0
1066	13	1	1	0.000000	1.000000	1.000000	0.000000	0.000000	0	0	0
1067	20	1	1	0.000000	1.000000	1.000000	0.000000	0.000000	0	0	0
1068	29	1	1	0.000000	1.000000	1.000000	0.000000	0.000000	0	0	0
1069	53	1	0	0.000000	1.000000	1.000000	0.000000	0.000000	0	0	0
1070	19	1	1	0.000000	1.000000	1.000000	0.000000	0.000000	0	0	0
1071	11	1	1	0.000000	1.000000	1.000000	0.000000	0.000000	0	0	0
1072	39	1	0	0.000000	1.000000	1.000000	0.000000	0.000000	0	0	0
1073	17	1	1	0.000000	1.000000	1.000000	0.000000	0.000000	0	0	0
1074	3	1	1	0.000000	1.000000	1.000000	0.000000	0.000000	0	0	0
1075	11	1	1	0.000000	1.000000	1.000000	0.000000	0.000000	0	0	0
1076	10	1	1	0.000000	1.000000	1.000000	0.000000	0.000000	0	0	0
1077	1	2	2	0.000000	2.000000	2.000000	0.000000	0.000000	0	0	0
1078	38	1	1	0.000000	1.000000	1.000000	0.000000	0.000000	0	0	0
1079	17	1	1	0.000000	1.000000	1.000000	0.000000	0.000000	0	0	0
1080	52	1	0	0.000000	1.000000	1.000000	0.000000	0.000000	0	0	0
1081	12	2	1	0.000000	1.083333	1.083333	0.000000	0.000000	0	0	0
1082	5	1	1	0.000000	1.000000	1.000000	0.000000	0.000000	0	0	0
1083	26	1	1	0.000000	1.000000	1.000000	0.000000	0.000000	0	0	0
1084	1	1	1	0.000000	1.000000	1.000000	0.000000	0.000000	0	0	0
1085	1	1	1	0.000000	1.000000	1.000000	0.000000	0.000000	0	0	0
1086	3	1	1	0.000000	1.000000	1.000000	0.000000	0.000000	0	0	0
1087	46	1	0	0.000000	1.000000	1.000000	0.000000	0.000000	0	0	0
1088	33	1	1	0.000000	1.000000	1.000000	0.000000	0.000000	0	0	0
1089	55	1	0	0.000000	1.000000	1.000000	0.000000	0.000000	0	0	0
1090	54	1	0	0.000000	1.000000	1.000000	0.000000	0.000000	0	0	0
1091	38	1	0	0.000000	1.000000	1.000000	0.000000	0.000000	0	0	0
1092	51	1	0	0.000000	1.000000	1.000000	0.000000	0.000000	0	0	0
1093	50	1	0	0.000000	1.000000	1.000000	0.000000	0.000000	0	0	0
1094	11	1	1	0.000000	2.000000	1.000000	0.000000	0.000000	0	0	0
1095	3	1	1	0.000000	2.000000	1.333333	0.000000	0.000000	0	0	0
1096	17	1	1	0.000000	2.764706	2.588235	0.000000	0.000000	0	0	0
1097	55	1	0	0.000000	1.000000	1.000000	0.000000	0.000000	0	0	0
1098	34	1	0	0.000000	1.000000	1.000000	0.000000	0.000000	0	0	0
1099	17	1	1	0.000000	1.000000	1.000000	0.000000	0.000000	0	0	0
1100	10	1	1	0.000000	15.200000	1.000000	0.000000	0.000000	0	0	0
1101	23	1	1	0.000000	1.956522	1.173913	0.000000	0.000000	0	0	0
1102	18	1	1	0.000000	1.000000	1.000000	0.000000	0.000000	0	0	0
1103	6	1	1	0.000000	1.000000	1.000000	0.000000	0.000000	0	0	0
1104	17	1	1	0.000000	1.000000	1.000000	0.000000	0.000000	0	0	0
1105	48	1	0	0.000000	1.000000	1.000000	0.000000	0.000000	0	0	0
1106	37	1	0	0.000000	1.000000	1.000000	0.000000	0.000000	0	0	0
1107	1	1	1	0.000000	1.000000	1.000000	0.000000	0.000000	0	0	0
1108	2	1	1	0.000000	1.000000	1.000000	0.000000	0.000000	0	0	0
1109	64	1	0	0.000000	1.000000	1.000000	0.000000	0.000000	0	0	0
1110	55	1	0	0.000000	1.000000	1.000000	0.000000	0.000000	0	0	0
1111	24	1	1	0.000000	1.000000	1.000000	0.000000	0.000000	0	0	0
1112	3	1	1	0.000000	1.000000	1.000000	0.000000	0.000000	0	0	0
1113	10	1	1	0.000000	1.000000	1.000000	0.000000	0.000000	0	0	0
1114	2	1	1	0.000000	1.000000	1.000000	0.000000	0.000000	0	0	0
1115	12	1	1	0.000000	1.000000	1.000000	0.000000	0.000000	0	0	0
1116	6	1	1	0.000000	1.000000	1.000000	0.000000	0.000000	0	0	0
1117	81	1	0	0.000000	1.000000	1.000000	0.000000	0.000000	0	0	0
1118	36	1	0	0.000000	1.000000	1.000000	0.000000	0.000000	0	0	0
1119	12	2	1	0.000000	23.583333	17.750000	0.000000	0.000000	0	0	0
1120	34	1	0	0.000000	1.000000	1.000000	0.000000	0.000000	0	0	0
1121	25	1	1	0.000000	1.000000	1.000000	0.000000	0.000000	0	0	0
1122	10	1	1	0.000000	1.000000	1.000000	0.000000	0.000000	0	0	0
1123	37	1	0	0.000000	1.189189	1.189189	0.000000	0.000000	0	0	0
1124	2	1	1	0.000000	1.000000	1.000000	0.000000	0.000000	0	0	0
1125	8	1	1	0.000000	1.000000	1.000000	0.000000	0.000000	0	0	0
1126	38	1	0	0.000000	1.000000	1.000000	0.000000	0.000000	0	0	0
1127	44	1	0	0.000000	1.000000	1.000000	0.000000	0.000000	0	0	0
1128	8	1	1	0.000000	1.000000	1.000000	0.000000	0.000000	0	0	0
1129	43	1	1	0.000000	1.000000	1.000000	0.000000	0.000000	0	0	0
1130	61	1	0	0.000000	1.000000	1.000000	0.000000	0.000000	0	0	0
1131	4	1	1	0.000000	1.000000	1.000000	0.000000	0.000000	0	0	0
1132	32	1	1	0.000000	1.000000	1.000000	0.000000	0.000000	0	0	0
1133	35	1	0	0.000000	1.000000	1.000000	0.000000	0.000000	0	0	0
1134	9	1	1	0.000000	23.000000	1.000000	0.000000	0.000000	0	0	0
1135	17	1	1	0.000000	1.000000	1.000000	0.000000	0.000000	0	0	0
1136	64	1	0	0.000000	1.000000	1.000000	0.000000	0.000000	0	0	0
1137	5	1	1	0.000000	1.000000	1.000000	0.000000	0.000000	0	0	0
