102	0	19	1
ROADMAP 1
ROADMAP 2
ROADMAP 3
ROADMAP 4
2	42	0	40
ROADMAP 5
3	21	6	67
ROADMAP 6
ROADMAP 7
5	0	5	21
3	0	6	72
ROADMAP 8
ROADMAP 9
5	27	0	21
3	27	6	40
ROADMAP 10
1	60	0	22
ROADMAP 11
6	0	11	82
ROADMAP 12
10	20	0	60
1	20	0	2
ROADMAP 13
12	39	0	20
10	39	0	23
ROADMAP 14
ROADMAP 15
1	0	16	82
ROADMAP 16
12	0	9	20
10	0	0	22
10	19	41	60
1	19	0	11
ROADMAP 17
14	0	22	82
ROADMAP 18
14	0	54	82
17	0	0	22
ROADMAP 19
9	9	0	27
5	9	0	21
3	9	6	31
ROADMAP 20
4	26	0	42
2	26	0	14
ROADMAP 21
12	0	8	20
10	0	0	60
1	0	0	10
ROADMAP 22
13	22	0	39
12	22	0	20
10	22	0	1
ROADMAP 23
8	0	28	82
ROADMAP 24
6	0	27	82
11	0	0	11
ROADMAP 25
2	0	61	82
ROADMAP 26
20	13	0	26
4	13	0	42
2	13	0	1
ROADMAP 27
22	7	0	22
13	7	0	39
12	7	0	14
ROADMAP 28
14	0	58	82
17	0	0	22
18	0	0	32
ROADMAP 29
6	0	23	82
11	0	0	11
24	0	0	12
ROADMAP 30
22	0	15	22
13	0	0	39
12	0	0	20
10	0	0	16
ROADMAP 31
22	0	14	22
13	0	0	39
12	0	0	20
10	0	0	15
ROADMAP 32
3	12	0	70
ROADMAP 33
20	0	9	26
4	0	0	42
2	0	0	23
ROADMAP 34
10	0	4	60
1	0	0	26
ROADMAP 35
25	0	1	61
6	5	0	17
ROADMAP 36
35	0	0	5
6	0	0	77
ROADMAP 37
26	0	8	13
20	0	0	26
4	0	0	42
2	0	0	9
ROADMAP 38
14	0	49	82
17	0	0	22
18	0	0	27
ROADMAP 39
14	0	11	82
17	0	0	11
ROADMAP 40
4	9	21	42
2	9	0	52
ROADMAP 41
22	0	17	22
13	0	0	39
12	0	0	20
10	0	0	18
ROADMAP 42
8	42	0	40
ROADMAP 43
8	0	72	82
23	0	0	13
27	26	0	7
22	26	0	22
13	26	0	4
ROADMAP 44
42	0	10	19
42	19	38	42
8	19	0	50
ROADMAP 45
14	0	44	82
17	0	0	22
18	0	0	22
ROADMAP 46
15	0	14	16
26	9	0	13
20	9	0	26
4	9	0	32
ROADMAP 47
11	15	9	11
24	15	0	4
19	35	0	9
9	35	0	27
5	35	0	2
32	36	0	2
ROADMAP 48
23	0	6	13
43	0	0	26
27	0	0	7
22	0	0	22
13	0	0	20
ROADMAP 49
2	0	13	82
25	0	0	13
ROADMAP 50
8	0	7	82
23	0	0	7
ROADMAP 51
2	0	39	82
25	0	0	39
ROADMAP 52
17	0	15	22
18	0	0	32
28	0	0	4
42	24	0	15
ROADMAP 53
4	0	41	42
2	0	0	79
ROADMAP 54
10	0	52	60
1	0	0	74
ROADMAP 55
6	0	75	82
11	0	0	11
24	0	0	16
47	7	34	35
19	7	0	9
9	7	0	27
5	7	0	4
ROADMAP 56
2	0	6	82
25	0	0	6
ROADMAP 57
24	0	14	16
55	0	0	7
47	0	34	35
19	0	0	9
9	0	0	27
5	0	0	21
3	0	6	21
ROADMAP 58
2	0	64	82
25	0	0	61
35	0	0	3
ROADMAP 59
52	0	21	24
42	0	0	42
8	0	0	37
ROADMAP 60
20	0	22	26
4	0	0	42
2	0	0	36
ROADMAP 61
13	0	3	39
12	0	0	20
10	0	0	26
ROADMAP 62
6	0	66	82
11	0	0	11
24	0	0	16
55	0	0	7
47	0	34	35
19	0	0	9
9	0	0	22
ROADMAP 63
52	0	10	24
42	0	0	42
8	0	0	26
ROADMAP 64
22	0	8	22
13	0	0	39
12	0	0	18
ROADMAP 65
15	0	9	16
46	0	0	9
26	0	0	13
20	0	0	26
4	0	0	27
ROADMAP 66
55	0	1	7
47	0	34	35
19	0	0	9
9	0	0	27
5	0	0	21
3	0	6	24
ROADMAP 67
6	0	23	82
11	0	0	11
24	0	0	12
ROADMAP 68
14	0	35	78
17	19	15	22
18	19	0	7
ROADMAP 69
25	0	23	61
35	0	0	5
6	0	0	39
ROADMAP 70
18	0	18	32
28	0	0	4
52	0	0	24
42	0	0	40
ROADMAP 71
12	9	7	20
10	9	0	15
10	28	34	60
ROADMAP 72
25	0	3	61
35	0	0	5
6	0	0	19
ROADMAP 73
26	0	4	13
20	0	0	26
4	0	0	42
2	0	0	5
ROADMAP 74
8	0	73	82
23	0	0	13
43	0	0	26
27	0	0	7
22	0	0	22
13	0	0	5
ROADMAP 75
1	12	68	82
15	12	0	16
46	12	0	9
26	12	0	13
20	12	0	18
ROADMAP 76
4	0	18	42
2	0	0	58
ROADMAP 77
12	0	3	20
10	0	0	60
1	0	0	5
ROADMAP 78
43	0	7	26
27	0	0	7
22	0	0	22
13	0	0	34
ROADMAP 79
14	0	34	82
17	0	0	22
18	0	0	12
ROADMAP 80
6	0	77	82
11	0	0	11
24	0	0	16
55	0	0	7
47	0	34	35
19	0	0	9
9	0	0	27
5	0	0	6
ROADMAP 81
2	0	34	82
25	0	0	34
ROADMAP 82
10	0	24	60
1	0	0	46
ROADMAP 83
46	0	2	9
26	0	0	13
20	0	0	26
4	0	0	36
ROADMAP 84
1	0	34	82
15	0	0	16
46	0	0	9
26	0	0	9
ROADMAP 85
12	8	11	20
10	8	0	60
1	8	0	5
ROADMAP 86
8	0	59	82
23	0	0	13
43	0	0	26
27	0	0	7
22	0	0	13
ROADMAP 87
14	0	62	82
17	0	0	22
18	0	0	32
28	0	0	4
52	0	0	4
ROADMAP 88
9	0	9	17
5	19	9	21
3	19	6	49
ROADMAP 89
22	0	16	22
13	0	0	39
12	0	0	20
10	0	0	17
ROADMAP 90
8	0	5	82
23	0	0	5
ROADMAP 91
22	0	7	22
13	0	0	39
12	0	0	20
10	0	0	8
ROADMAP 92
10	0	27	60
1	0	0	49
ROADMAP 93
14	0	79	82
17	0	0	22
18	0	0	32
28	0	0	4
52	0	0	21
ROADMAP 94
14	0	60	82
17	0	0	22
18	0	0	32
28	0	0	4
52	0	0	2
ROADMAP 95
25	0	4	61
35	0	0	5
6	0	0	20
ROADMAP 96
8	0	77	82
23	0	0	13
43	0	0	26
27	0	0	7
22	0	0	22
13	0	0	9
ROADMAP 97
14	0	19	82
17	0	0	19
ROADMAP 98
18	16	8	32
28	16	0	4
52	16	0	24
42	16	0	14
ROADMAP 99
1	0	60	82
15	0	0	16
46	0	0	9
26	0	0	13
20	0	0	22
ROADMAP 100
4	0	14	42
2	0	0	54
ROADMAP 101
20	0	6	26
4	0	0	42
2	0	0	20
ROADMAP 102
5	0	0	21
3	0	6	67
