780	0	29	1
ROADMAP 1
ROADMAP 2
ROADMAP 3
ROADMAP 4
ROADMAP 5
ROADMAP 6
ROADMAP 7
ROADMAP 8
ROADMAP 9
ROADMAP 10
ROADMAP 11
ROADMAP 12
ROADMAP 13
ROADMAP 14
ROADMAP 15
ROADMAP 16
ROADMAP 17
3	13	0	9
ROADMAP 18
ROADMAP 19
ROADMAP 20
2	18	0	4
ROADMAP 21
6	0	2	22
ROADMAP 22
ROADMAP 23
ROADMAP 24
ROADMAP 25
17	3	0	13
3	3	0	6
ROADMAP 26
10	0	10	22
ROADMAP 27
ROADMAP 28
ROADMAP 29
ROADMAP 30
16	0	16	22
1	15	0	1
ROADMAP 31
ROADMAP 32
ROADMAP 33
ROADMAP 34
6	0	20	22
21	0	0	2
ROADMAP 35
12	0	14	22
ROADMAP 36
ROADMAP 37
ROADMAP 38
36	0	9	22
ROADMAP 39
6	19	0	3
ROADMAP 40
ROADMAP 41
ROADMAP 42
ROADMAP 43
ROADMAP 44
ROADMAP 45
ROADMAP 46
44	9	0	13
ROADMAP 47
ROADMAP 48
3	0	16	22
ROADMAP 49
ROADMAP 50
10	0	13	22
26	0	0	10
ROADMAP 51
12	0	21	22
35	0	0	14
ROADMAP 52
7	15	0	7
ROADMAP 53
ROADMAP 54
48	0	10	16
ROADMAP 55
ROADMAP 56
29	21	0	1
ROADMAP 57
40	9	0	13
ROADMAP 58
ROADMAP 59
27	8	0	14
ROADMAP 60
41	0	17	22
ROADMAP 61
ROADMAP 62
36	18	0	4
ROADMAP 63
ROADMAP 64
43	20	0	2
ROADMAP 65
ROADMAP 66
19	0	18	22
ROADMAP 67
ROADMAP 68
ROADMAP 69
66	0	2	18
ROADMAP 70
24	19	0	3
ROADMAP 71
2	0	12	22
ROADMAP 72
5	0	14	22
ROADMAP 73
ROADMAP 74
31	2	0	20
ROADMAP 75
13	7	0	15
ROADMAP 76
29	0	15	22
ROADMAP 77
54	0	13	16
ROADMAP 78
39	0	2	19
6	0	0	5
ROADMAP 79
32	0	7	22
ROADMAP 80
49	20	0	2
ROADMAP 81
77	0	3	19
ROADMAP 82
9	0	16	22
ROADMAP 83
57	11	0	9
40	11	0	2
ROADMAP 84
45	10	0	12
ROADMAP 85
33	17	0	5
ROADMAP 86
55	0	18	22
15	4	0	14
ROADMAP 87
37	0	11	22
ROADMAP 88
56	0	6	21
29	0	0	7
ROADMAP 89
ROADMAP 90
2	0	9	22
71	0	0	9
ROADMAP 91
63	0	5	22
ROADMAP 92
31	0	19	22
19	4	0	15
ROADMAP 93
41	0	17	22
60	0	0	17
ROADMAP 94
73	0	13	22
ROADMAP 95
23	10	0	12
ROADMAP 96
43	0	2	22
ROADMAP 97
ROADMAP 98
58	13	0	9
ROADMAP 99
8	0	20	22
ROADMAP 100
27	0	19	22
ROADMAP 101
98	0	9	13
58	0	0	18
ROADMAP 102
ROADMAP 103
73	0	7	22
94	0	0	7
ROADMAP 104
7	0	7	22
ROADMAP 105
76	0	8	10
ROADMAP 106
18	0	20	22
61	4	0	16
ROADMAP 107
67	8	0	14
ROADMAP 108
7	0	19	22
104	0	0	7
ROADMAP 109
ROADMAP 110
ROADMAP 111
ROADMAP 112
63	0	6	22
91	0	0	5
ROADMAP 113
ROADMAP 114
76	0	4	10
105	0	0	16
ROADMAP 115
ROADMAP 116
5	20	0	2
ROADMAP 117
11	0	13	22
ROADMAP 118
89	8	0	14
ROADMAP 119
ROADMAP 120
117	0	11	13
ROADMAP 121
ROADMAP 122
118	4	0	8
89	4	0	10
ROADMAP 123
42	10	0	12
ROADMAP 124
ROADMAP 125
14	0	8	22
ROADMAP 126
52	14	0	8
ROADMAP 127
119	0	6	22
ROADMAP 128
126	0	2	14
52	0	0	10
ROADMAP 129
82	0	11	16
ROADMAP 130
42	0	6	22
41	0	0	6
ROADMAP 131
127	0	5	6
ROADMAP 132
18	16	0	6
ROADMAP 133
116	0	15	20
5	0	0	17
ROADMAP 134
ROADMAP 135
8	0	2	22
99	0	0	2
ROADMAP 136
ROADMAP 137
13	0	18	22
ROADMAP 138
ROADMAP 139
56	0	9	21
29	0	0	10
ROADMAP 140
ROADMAP 141
26	0	2	10
50	0	0	3
55	3	0	8
ROADMAP 142
117	0	1	13
120	0	0	10
ROADMAP 143
ROADMAP 144
32	1	0	21
ROADMAP 145
3	0	4	22
48	0	0	4
ROADMAP 146
16	6	0	16
ROADMAP 147
ROADMAP 148
115	6	0	16
ROADMAP 149
66	0	17	18
69	0	0	6
ROADMAP 150
102	1	0	21
ROADMAP 151
ROADMAP 152
ROADMAP 153
8	0	9	22
99	0	0	9
ROADMAP 154
147	1	0	21
ROADMAP 155
10	18	0	4
ROADMAP 156
59	16	0	6
ROADMAP 157
49	0	3	22
113	2	0	1
ROADMAP 158
65	4	0	18
ROADMAP 159
97	4	0	18
ROADMAP 160
2	0	21	22
71	0	0	12
155	8	0	1
ROADMAP 161
131	0	5	21
85	1	0	5
ROADMAP 162
126	13	0	9
ROADMAP 163
116	14	0	8
ROADMAP 164
53	5	0	17
ROADMAP 165
53	0	4	22
146	1	0	3
ROADMAP 166
ROADMAP 167
92	0	1	4
19	0	0	19
ROADMAP 168
34	0	14	18
46	8	0	9
44	8	0	1
ROADMAP 169
11	0	14	22
117	0	0	13
120	0	0	1
ROADMAP 170
ROADMAP 171
122	12	0	4
118	12	0	6
ROADMAP 172
ROADMAP 173
149	0	7	15
ROADMAP 174
107	16	0	6
ROADMAP 175
6	0	0	22
ROADMAP 176
20	13	0	9
ROADMAP 177
132	0	6	16
18	0	0	12
ROADMAP 178
98	20	0	2
ROADMAP 179
119	0	19	22
127	0	0	6
131	0	0	13
ROADMAP 180
19	0	3	22
66	0	0	3
ROADMAP 181
83	0	5	11
57	0	0	9
40	0	0	7
ROADMAP 182
ROADMAP 183
149	0	11	15
173	0	0	14
ROADMAP 184
56	0	13	21
29	0	0	14
ROADMAP 185
51	0	0	7
ROADMAP 186
41	0	0	22
ROADMAP 187
30	0	14	15
1	0	0	21
ROADMAP 188
48	0	1	16
54	0	0	7
ROADMAP 189
44	0	7	22
ROADMAP 190
136	0	11	22
171	7	0	4
ROADMAP 191
ROADMAP 192
29	0	8	22
76	0	0	8
ROADMAP 193
98	0	9	13
58	0	0	18
ROADMAP 194
ROADMAP 195
10	0	18	22
26	0	0	10
50	0	0	3
141	0	0	3
55	0	0	2
ROADMAP 196
33	0	7	22
64	6	0	1
ROADMAP 197
115	0	5	22
ROADMAP 198
173	0	3	14
183	0	0	4
ROADMAP 199
62	14	0	8
ROADMAP 200
182	7	0	15
ROADMAP 201
ROADMAP 202
28	6	0	16
ROADMAP 203
151	14	0	8
ROADMAP 204
ROADMAP 205
72	0	1	14
ROADMAP 206
131	0	18	21
161	0	0	1
85	0	0	17
33	0	0	1
ROADMAP 207
131	0	9	21
161	0	0	1
85	0	0	9
ROADMAP 208
ROADMAP 209
ROADMAP 210
76	0	0	15
ROADMAP 211
66	0	17	18
69	0	0	6
149	0	0	15
ROADMAP 212
151	0	16	22
209	11	0	5
ROADMAP 213
173	0	1	14
183	0	0	4
198	0	0	5
ROADMAP 214
17	0	8	13
3	0	0	17
ROADMAP 215
185	0	9	15
ROADMAP 216
61	0	19	22
ROADMAP 217
20	0	13	18
2	0	0	17
ROADMAP 218
69	0	0	6
149	0	0	15
173	0	0	1
ROADMAP 219
202	19	0	3
ROADMAP 220
ROADMAP 221
54	0	4	16
77	0	0	10
ROADMAP 222
170	0	19	22
73	3	0	16
ROADMAP 223
49	0	20	22
157	0	0	2
113	0	0	18
ROADMAP 224
32	0	6	22
79	0	0	6
ROADMAP 225
15	0	15	22
170	10	0	5
ROADMAP 226
62	0	15	18
36	0	0	19
ROADMAP 227
63	0	17	22
91	0	0	5
112	0	0	1
110	8	0	3
ROADMAP 228
ROADMAP 229
151	0	10	22
212	0	0	10
ROADMAP 230
136	0	7	22
190	0	0	7
ROADMAP 231
157	0	1	2
113	0	0	21
ROADMAP 232
3	0	14	22
48	0	0	14
ROADMAP 233
109	0	4	22
ROADMAP 234
43	0	19	22
96	0	0	2
123	10	0	7
ROADMAP 235
10	0	8	22
26	0	0	8
ROADMAP 236
83	0	0	11
57	0	0	9
40	0	0	2
ROADMAP 237
219	16	0	6
ROADMAP 238
75	0	1	7
13	0	0	16
ROADMAP 239
9	0	2	22
82	0	0	2
ROADMAP 240
178	1	0	20
98	1	0	1
ROADMAP 241
143	0	2	22
ROADMAP 242
131	0	14	21
161	0	0	1
85	0	0	14
ROADMAP 243
121	0	3	22
56	1	19	21
ROADMAP 244
37	0	9	22
87	0	0	9
ROADMAP 245
185	0	7	15
215	0	0	14
ROADMAP 246
191	0	21	22
176	16	0	5
ROADMAP 247
19	0	14	22
66	0	0	14
ROADMAP 248
ROADMAP 249
70	21	0	1
ROADMAP 250
248	0	10	22
ROADMAP 251
116	0	8	20
5	0	0	10
ROADMAP 252
102	0	2	22
ROADMAP 253
29	0	1	22
76	0	0	1
ROADMAP 254
58	0	10	22
119	1	0	9
ROADMAP 255
20	0	0	18
2	0	0	4
ROADMAP 256
203	0	1	14
151	0	0	9
ROADMAP 257
ROADMAP 258
12	0	8	22
35	0	0	8
ROADMAP 259
98	0	9	13
58	0	0	18
ROADMAP 260
144	15	0	1
32	15	0	6
ROADMAP 261
237	0	13	16
219	0	0	19
ROADMAP 262
44	0	3	22
189	0	0	3
ROADMAP 263
132	5	0	16
18	5	0	1
ROADMAP 264
75	0	5	7
13	0	0	20
ROADMAP 265
8	3	0	19
ROADMAP 266
73	0	20	22
94	0	0	13
ROADMAP 267
33	0	8	22
196	0	0	6
64	0	0	2
ROADMAP 268
47	10	0	12
ROADMAP 269
58	0	7	22
254	0	0	1
119	0	0	6
ROADMAP 270
75	3	0	7
13	3	0	12
ROADMAP 271
66	0	1	18
69	0	0	5
ROADMAP 272
268	19	0	3
ROADMAP 273
98	0	10	13
58	0	0	19
ROADMAP 274
55	0	18	22
86	0	0	4
15	0	0	14
ROADMAP 275
83	12	0	10
ROADMAP 276
56	0	18	21
29	0	0	19
ROADMAP 277
194	9	0	13
ROADMAP 278
119	0	18	22
127	0	0	6
131	0	0	12
ROADMAP 279
164	1	0	5
53	1	0	16
ROADMAP 280
55	0	19	22
86	0	0	4
15	0	0	15
ROADMAP 281
54	0	6	16
77	0	0	12
ROADMAP 282
98	0	8	13
58	0	0	17
ROADMAP 283
106	0	0	4
61	0	0	18
ROADMAP 284
220	0	14	22
80	0	0	14
ROADMAP 285
72	0	11	14
205	0	0	9
152	8	0	2
ROADMAP 286
260	0	12	15
144	0	0	1
32	0	0	18
ROADMAP 287
216	0	9	19
257	5	0	7
ROADMAP 288
41	0	7	22
60	0	0	7
ROADMAP 289
285	0	7	8
152	0	0	21
ROADMAP 290
196	0	4	6
64	0	0	20
ROADMAP 291
2	0	1	22
71	0	0	1
ROADMAP 292
65	0	15	22
174	9	0	6
ROADMAP 293
228	0	7	22
ROADMAP 294
162	0	1	13
126	0	0	10
ROADMAP 295
228	5	0	17
ROADMAP 296
68	0	13	22
ROADMAP 297
151	0	1	22
212	0	0	1
ROADMAP 298
52	0	12	15
7	0	0	19
ROADMAP 299
47	0	1	22
ROADMAP 300
140	0	8	22
68	3	0	5
ROADMAP 301
38	0	2	9
22	4	0	11
ROADMAP 302
115	0	4	22
197	0	0	4
ROADMAP 303
138	4	0	18
ROADMAP 304
170	0	0	22
ROADMAP 305
43	0	17	22
96	0	0	2
234	0	0	10
123	0	0	5
ROADMAP 306
208	0	9	22
14	0	0	9
ROADMAP 307
204	0	2	22
25	1	0	1
ROADMAP 308
80	0	2	20
49	0	0	4
ROADMAP 309
199	0	7	14
62	0	0	15
ROADMAP 310
20	0	3	18
2	0	0	7
ROADMAP 311
30	0	14	15
1	0	0	21
ROADMAP 312
41	0	18	22
60	0	0	17
ROADMAP 313
9	17	0	5
ROADMAP 314
228	0	13	22
293	0	0	7
148	2	0	4
ROADMAP 315
131	0	17	21
161	0	0	1
85	0	0	17
ROADMAP 316
124	0	18	22
191	5	0	13
ROADMAP 317
260	5	0	15
144	5	0	1
32	5	0	1
ROADMAP 318
99	0	7	20
ROADMAP 319
318	0	4	9
ROADMAP 320
5	0	16	22
72	0	0	14
205	0	0	2
ROADMAP 321
85	0	15	17
33	0	0	20
ROADMAP 322
27	0	8	22
100	0	0	8
ROADMAP 323
8	0	14	22
99	0	0	14
ROADMAP 324
18	0	19	22
106	0	0	4
61	0	0	15
ROADMAP 325
121	5	0	17
ROADMAP 326
152	0	6	22
ROADMAP 327
209	0	13	22
ROADMAP 328
58	0	10	22
254	0	0	1
119	0	0	9
ROADMAP 329
190	0	4	7
171	0	0	12
122	0	0	4
118	0	0	3
ROADMAP 330
5	0	18	22
72	0	0	14
205	0	0	4
ROADMAP 331
29	0	8	22
76	0	0	8
ROADMAP 332
138	0	1	22
ROADMAP 333
285	0	7	8
152	0	0	21
ROADMAP 334
105	0	19	20
109	9	0	12
ROADMAP 335
163	0	11	14
116	0	0	19
ROADMAP 336
156	0	1	16
59	0	0	7
ROADMAP 337
83	0	3	11
57	0	0	9
40	0	0	5
ROADMAP 338
121	0	20	22
243	0	0	1
56	0	19	21
29	0	0	17
ROADMAP 339
132	0	7	16
18	0	0	13
ROADMAP 340
208	3	0	19
ROADMAP 341
119	0	17	22
127	0	0	6
131	0	0	11
ROADMAP 342
32	0	12	22
79	0	0	7
248	1	0	4
ROADMAP 343
41	0	11	22
60	0	0	11
ROADMAP 344
14	0	18	22
125	0	0	8
ROADMAP 345
19	0	2	22
66	0	0	2
ROADMAP 346
168	0	5	8
46	0	0	9
44	0	0	10
ROADMAP 347
272	0	9	19
268	0	0	10
47	0	0	2
ROADMAP 348
159	5	0	4
97	5	0	13
ROADMAP 349
104	0	1	7
108	0	0	12
ROADMAP 350
149	0	11	15
173	0	0	14
183	0	0	4
ROADMAP 351
228	0	16	22
293	0	0	7
314	0	0	2
148	0	0	6
115	0	0	1
ROADMAP 352
56	0	4	21
29	0	0	5
ROADMAP 353
134	13	0	9
ROADMAP 354
65	0	0	22
ROADMAP 355
34	0	10	18
168	0	0	8
46	0	0	6
ROADMAP 356
212	0	0	11
209	0	0	11
ROADMAP 357
64	0	18	20
43	0	0	20
ROADMAP 358
263	0	1	5
132	0	0	16
18	0	0	2
ROADMAP 359
249	0	19	21
70	0	0	19
24	0	0	1
ROADMAP 360
129	0	13	17
39	4	0	14
ROADMAP 361
20	0	8	18
2	0	0	12
ROADMAP 362
56	0	1	21
29	0	0	2
ROADMAP 363
89	0	1	22
ROADMAP 364
200	0	3	7
182	0	0	18
ROADMAP 365
201	0	7	22
162	1	0	6
ROADMAP 366
23	0	19	22
84	0	0	10
45	0	0	9
ROADMAP 367
152	0	4	22
326	0	0	4
ROADMAP 368
63	0	3	22
91	0	0	3
ROADMAP 369
58	0	9	22
254	0	0	1
119	0	0	8
ROADMAP 370
277	15	0	7
ROADMAP 371
168	0	6	8
46	0	0	9
44	0	0	11
ROADMAP 372
52	0	7	15
7	0	0	14
ROADMAP 373
249	0	0	21
70	0	0	1
ROADMAP 374
126	0	2	14
52	0	0	10
ROADMAP 375
158	0	0	4
65	0	0	18
ROADMAP 376
84	0	5	10
45	0	0	17
ROADMAP 377
266	0	5	7
156	6	0	14
ROADMAP 378
208	0	6	22
14	0	0	6
ROADMAP 379
13	0	9	22
137	0	0	9
ROADMAP 380
7	0	3	22
104	0	0	3
ROADMAP 381
58	0	14	22
254	0	0	1
119	0	0	13
ROADMAP 382
189	0	2	7
237	6	0	11
ROADMAP 383
174	0	1	16
107	0	0	7
ROADMAP 384
152	0	20	22
326	0	0	6
ROADMAP 385
100	0	8	19
263	7	0	4
ROADMAP 386
34	0	16	18
168	0	0	8
46	0	0	9
44	0	0	3
ROADMAP 387
248	0	6	22
250	0	0	6
ROADMAP 388
266	0	4	7
377	0	0	6
156	0	0	13
ROADMAP 389
216	0	6	19
287	0	0	5
257	0	0	4
ROADMAP 390
270	0	1	3
75	0	0	7
13	0	0	13
ROADMAP 391
124	0	3	22
316	0	0	3
ROADMAP 392
ROADMAP 393
39	0	13	19
6	0	0	16
ROADMAP 394
152	0	3	22
326	0	0	3
ROADMAP 395
65	0	3	22
292	0	0	3
ROADMAP 396
20	0	5	18
2	0	0	9
ROADMAP 397
113	0	15	22
37	7	0	8
ROADMAP 398
ROADMAP 399
250	0	6	10
220	9	0	9
ROADMAP 400
45	0	3	22
ROADMAP 401
136	11	0	11
ROADMAP 402
265	1	0	3
8	1	0	18
ROADMAP 403
124	0	19	22
316	0	0	5
191	0	0	14
ROADMAP 404
216	0	7	19
287	0	0	5
257	0	0	5
ROADMAP 405
23	0	16	22
84	0	0	10
45	0	0	6
ROADMAP 406
272	2	0	19
268	2	0	1
ROADMAP 407
36	0	14	22
38	0	0	9
301	0	0	4
22	0	0	1
ROADMAP 408
147	0	4	22
ROADMAP 409
15	0	4	22
225	0	0	4
ROADMAP 410
4	0	8	22
ROADMAP 411
225	0	2	10
170	0	0	14
ROADMAP 412
34	0	12	18
168	0	0	8
46	0	0	8
ROADMAP 413
398	0	9	22
ROADMAP 414
176	0	4	13
20	0	0	13
ROADMAP 415
29	0	17	22
76	0	0	10
105	0	0	7
ROADMAP 416
32	0	15	22
79	0	0	7
342	0	0	1
248	0	0	7
ROADMAP 417
312	0	0	1
74	12	0	2
31	12	0	7
ROADMAP 418
174	0	6	16
107	0	0	8
67	0	0	4
ROADMAP 419
52	0	10	15
7	0	0	17
ROADMAP 420
60	0	14	17
312	0	0	1
417	0	0	12
74	0	0	2
31	0	0	4
ROADMAP 421
150	2	0	1
102	2	0	19
ROADMAP 422
246	0	2	16
176	0	0	8
ROADMAP 423
56	8	0	14
ROADMAP 424
47	0	18	22
299	0	0	1
4	1	0	16
ROADMAP 425
129	0	8	17
360	0	0	4
39	0	0	9
ROADMAP 426
26	0	9	10
50	0	0	3
141	0	0	3
55	0	0	15
ROADMAP 427
35	0	3	14
51	0	0	7
185	0	0	4
ROADMAP 428
2	0	0	22
ROADMAP 429
61	0	13	22
216	0	0	13
ROADMAP 430
155	0	7	18
10	0	0	11
ROADMAP 431
201	5	0	17
ROADMAP 432
34	0	1	18
168	0	0	5
ROADMAP 433
234	0	5	10
123	0	0	10
42	0	0	7
ROADMAP 434
163	0	1	14
116	0	0	9
ROADMAP 435
65	0	20	22
292	0	0	9
174	0	0	11
ROADMAP 436
51	0	5	7
185	0	0	15
215	0	0	5
ROADMAP 437
37	0	4	22
87	0	0	4
ROADMAP 438
76	0	8	10
105	0	0	20
ROADMAP 439
156	0	0	16
59	0	0	6
ROADMAP 440
28	0	11	22
ROADMAP 441
9	0	17	22
82	0	0	16
129	0	0	1
ROADMAP 442
24	0	1	22
ROADMAP 443
140	0	13	22
300	0	0	3
68	0	0	10
ROADMAP 444
55	0	20	22
86	0	0	4
15	0	0	16
ROADMAP 445
234	0	5	10
123	0	0	10
42	0	0	7
ROADMAP 446
29	0	5	22
76	0	0	5
ROADMAP 447
120	0	10	20
63	1	0	11
ROADMAP 448
70	0	14	19
24	0	0	17
ROADMAP 449
392	0	20	22
353	1	0	13
134	1	0	6
ROADMAP 450
77	0	5	19
81	0	0	6
ROADMAP 451
170	0	21	22
222	0	0	3
73	0	0	18
ROADMAP 452
237	0	0	16
219	0	0	6
ROADMAP 453
100	0	16	19
385	0	0	7
263	0	0	5
132	0	0	7
ROADMAP 454
97	0	19	22
ROADMAP 455
41	0	11	22
60	0	0	11
ROADMAP 456
119	0	17	22
127	0	0	6
131	0	0	11
ROADMAP 457
183	0	1	4
198	0	0	7
423	3	0	8
56	3	0	1
ROADMAP 458
152	0	12	22
326	0	0	6
384	0	0	6
ROADMAP 459
7	0	1	22
104	0	0	1
ROADMAP 460
370	0	6	15
277	0	0	9
194	0	0	4
ROADMAP 461
162	0	2	13
126	0	0	11
ROADMAP 462
55	0	12	22
86	0	0	4
15	0	0	8
ROADMAP 463
5	0	17	22
72	0	0	14
205	0	0	3
ROADMAP 464
334	0	1	9
109	0	0	14
ROADMAP 465
102	0	7	22
252	0	0	2
124	4	0	1
ROADMAP 466
272	0	12	19
268	0	0	10
47	0	0	5
ROADMAP 467
62	0	14	18
36	0	0	18
ROADMAP 468
89	0	13	22
363	0	0	1
166	0	0	12
ROADMAP 469
100	0	5	19
385	0	0	7
263	0	0	1
ROADMAP 470
3	0	0	22
ROADMAP 471
24	0	5	22
442	0	0	1
402	1	0	1
265	1	0	2
ROADMAP 472
220	0	17	22
80	0	0	17
ROADMAP 473
18	0	12	22
106	0	0	4
61	0	0	8
ROADMAP 474
20	0	17	18
2	0	0	21
ROADMAP 475
327	0	1	13
303	9	0	1
ROADMAP 476
4	0	15	22
410	0	0	8
ROADMAP 477
423	0	1	8
56	0	0	15
ROADMAP 478
49	0	14	22
157	0	0	2
113	0	0	12
ROADMAP 479
58	0	6	22
254	0	0	1
119	0	0	5
ROADMAP 480
63	0	9	22
91	0	0	5
112	0	0	1
227	0	0	3
ROADMAP 481
80	0	5	20
49	0	0	7
ROADMAP 482
178	0	15	20
98	0	0	13
58	0	0	4
ROADMAP 483
219	0	10	19
202	0	0	6
28	0	0	7
ROADMAP 484
152	0	10	22
326	0	0	6
384	0	0	4
ROADMAP 485
33	0	3	22
196	0	0	3
ROADMAP 486
87	0	1	11
199	9	0	3
ROADMAP 487
319	0	16	17
200	9	0	7
182	9	0	5
ROADMAP 488
203	0	10	14
151	0	0	18
ROADMAP 489
204	0	18	22
307	0	0	1
25	0	0	3
17	0	0	13
3	0	0	1
ROADMAP 490
147	0	18	22
408	0	0	4
ROADMAP 491
143	8	0	14
ROADMAP 492
97	0	0	22
ROADMAP 493
423	0	3	8
56	0	0	17
ROADMAP 494
17	0	5	13
3	0	0	14
ROADMAP 495
123	0	7	10
42	0	0	19
ROADMAP 496
55	0	1	22
86	0	0	1
ROADMAP 497
70	0	9	19
24	0	0	12
ROADMAP 498
7	0	9	22
104	0	0	7
108	0	0	2
ROADMAP 499
97	0	4	22
454	0	0	4
ROADMAP 500
5	0	1	22
72	0	0	1
ROADMAP 501
172	0	4	22
ROADMAP 502
33	0	13	22
196	0	0	6
64	0	0	7
ROADMAP 503
143	0	11	22
241	0	0	2
ROADMAP 504
296	0	8	13
12	3	0	14
ROADMAP 505
59	0	6	8
27	0	0	20
ROADMAP 506
40	0	12	22
313	3	0	9
ROADMAP 507
209	0	15	22
327	0	0	13
475	0	0	2
ROADMAP 508
204	0	10	22
307	0	0	1
25	0	0	3
17	0	0	6
ROADMAP 509
212	0	0	11
209	0	0	11
ROADMAP 510
487	0	7	9
200	0	0	7
182	0	0	13
ROADMAP 511
80	0	14	20
49	0	0	16
ROADMAP 512
303	0	2	4
138	0	0	20
ROADMAP 513
58	0	10	22
254	0	0	1
119	0	0	9
ROADMAP 514
67	0	9	22
ROADMAP 515
102	0	0	22
ROADMAP 516
170	0	0	22
ROADMAP 517
54	0	6	16
77	0	0	12
ROADMAP 518
408	0	2	4
490	0	0	14
ROADMAP 519
95	0	8	10
23	0	0	20
ROADMAP 520
14	0	19	22
125	0	0	8
344	0	0	10
ROADMAP 521
170	0	21	22
222	0	0	3
73	0	0	18
ROADMAP 522
397	0	3	7
37	0	0	18
ROADMAP 523
107	0	5	8
67	0	0	19
ROADMAP 524
55	0	18	22
86	0	0	4
15	0	0	14
ROADMAP 525
102	0	2	22
252	0	0	2
ROADMAP 526
431	0	2	5
201	0	0	19
ROADMAP 527
56	0	3	21
29	0	0	4
ROADMAP 528
8	0	9	22
99	0	0	9
ROADMAP 529
46	0	7	9
44	0	0	20
ROADMAP 530
62	0	4	18
36	0	0	8
ROADMAP 531
80	0	0	20
49	0	0	2
ROADMAP 532
156	0	14	16
59	0	0	8
27	0	0	12
ROADMAP 533
132	0	5	16
18	0	0	11
ROADMAP 534
147	0	7	22
408	0	0	4
490	0	0	3
ROADMAP 535
37	0	8	22
87	0	0	8
ROADMAP 536
58	0	4	22
254	0	0	1
119	0	0	3
ROADMAP 537
197	0	0	5
240	4	0	1
178	4	0	12
ROADMAP 538
344	0	4	10
520	0	0	1
279	2	0	1
164	2	0	5
53	2	0	7
ROADMAP 539
196	0	3	6
64	0	0	19
ROADMAP 540
7	0	8	22
104	0	0	7
108	0	0	1
ROADMAP 541
70	0	3	19
24	0	0	6
ROADMAP 542
24	0	2	22
442	0	0	1
471	0	0	1
ROADMAP 543
182	0	16	22
ROADMAP 544
272	0	11	19
268	0	0	10
47	0	0	4
ROADMAP 545
237	0	5	16
219	0	0	11
ROADMAP 546
99	0	6	20
318	0	0	8
ROADMAP 547
137	0	11	18
95	3	0	10
23	3	0	2
ROADMAP 548
210	0	0	7
340	6	0	3
208	6	0	6
ROADMAP 549
172	0	11	22
501	0	0	4
421	6	0	1
ROADMAP 550
20	0	10	18
2	0	0	14
ROADMAP 551
77	0	13	19
81	0	0	6
450	0	0	2
ROADMAP 552
200	0	3	7
182	0	0	18
ROADMAP 553
431	7	0	5
201	7	0	10
ROADMAP 554
392	0	20	22
449	0	0	1
353	0	0	13
134	0	0	6
ROADMAP 555
151	0	0	22
ROADMAP 556
178	0	6	20
98	0	0	8
ROADMAP 557
14	0	17	22
125	0	0	8
344	0	0	9
ROADMAP 558
182	0	3	22
543	0	0	3
ROADMAP 559
136	0	4	22
190	0	0	4
ROADMAP 560
7	0	5	22
104	0	0	5
ROADMAP 561
454	0	14	19
491	1	0	8
143	1	0	8
ROADMAP 562
1	0	6	22
ROADMAP 563
115	0	1	22
197	0	0	1
ROADMAP 564
156	0	2	16
59	0	0	8
ROADMAP 565
53	0	1	22
165	0	0	1
ROADMAP 566
1	0	1	22
562	0	0	1
ROADMAP 567
503	0	7	9
172	12	0	8
ROADMAP 568
313	0	12	17
9	0	0	17
ROADMAP 569
257	0	4	22
ROADMAP 570
431	0	0	5
201	0	0	17
ROADMAP 571
30	0	9	15
1	0	0	16
ROADMAP 572
344	0	9	10
520	0	0	1
538	0	0	2
279	0	0	1
164	0	0	5
53	0	0	12
ROADMAP 573
29	0	6	22
76	0	0	6
ROADMAP 574
32	0	14	22
79	0	0	7
342	0	0	1
248	0	0	6
ROADMAP 575
172	0	5	22
501	0	0	4
549	0	0	1
ROADMAP 576
44	0	11	22
189	0	0	7
382	0	0	4
ROADMAP 577
60	0	7	17
312	0	0	1
417	0	0	11
ROADMAP 578
49	0	2	22
157	0	0	2
ROADMAP 579
370	0	7	15
277	0	0	9
194	0	0	5
ROADMAP 580
248	0	19	22
250	0	0	10
399	0	0	9
ROADMAP 581
163	0	10	14
116	0	0	18
ROADMAP 582
120	0	3	20
447	0	0	1
63	0	0	4
ROADMAP 583
69	0	4	6
149	0	0	15
173	0	0	5
ROADMAP 584
172	0	3	22
501	0	0	3
ROADMAP 585
53	0	1	22
165	0	0	1
ROADMAP 586
11	0	21	22
117	0	0	13
120	0	0	8
ROADMAP 587
313	0	15	17
9	0	0	20
ROADMAP 588
327	0	6	13
475	0	0	9
303	0	0	4
138	0	0	2
ROADMAP 589
56	0	12	21
29	0	0	13
ROADMAP 590
50	0	2	3
141	0	0	3
55	0	0	18
ROADMAP 591
45	0	0	22
ROADMAP 592
149	0	13	15
173	0	0	14
183	0	0	4
198	0	0	2
ROADMAP 593
61	0	15	22
216	0	0	15
ROADMAP 594
42	0	5	22
41	0	0	5
ROADMAP 595
94	0	5	13
266	0	0	7
377	0	0	6
156	0	0	1
ROADMAP 596
392	0	19	22
449	0	0	1
353	0	0	13
134	0	0	5
ROADMAP 597
66	0	17	18
69	0	0	6
149	0	0	15
ROADMAP 598
152	0	5	22
326	0	0	5
ROADMAP 599
58	0	10	22
254	0	0	1
119	0	0	9
ROADMAP 600
30	0	6	15
1	0	0	13
ROADMAP 601
120	0	8	20
447	0	0	1
63	0	0	9
ROADMAP 602
48	0	3	16
54	0	0	9
ROADMAP 603
39	0	4	19
6	0	0	7
ROADMAP 604
18	0	17	22
106	0	0	4
61	0	0	13
ROADMAP 605
313	0	13	17
9	0	0	18
ROADMAP 606
344	0	9	10
520	0	0	1
538	0	0	2
279	0	0	1
164	0	0	5
53	0	0	12
ROADMAP 607
47	0	11	22
299	0	0	1
424	0	0	1
4	0	0	9
ROADMAP 608
4	0	20	22
410	0	0	8
476	0	0	7
553	0	0	5
ROADMAP 609
64	0	9	20
43	0	0	11
ROADMAP 610
146	0	3	6
16	0	0	19
ROADMAP 611
131	0	19	21
161	0	0	1
85	0	0	17
33	0	0	2
ROADMAP 612
147	0	13	22
408	0	0	4
490	0	0	9
ROADMAP 613
219	0	0	19
202	0	0	3
ROADMAP 614
319	0	12	17
487	0	0	9
200	0	0	7
182	0	0	1
ROADMAP 615
551	0	3	8
398	14	0	3
ROADMAP 616
185	0	13	15
215	0	0	16
154	3	0	1
ROADMAP 617
29	0	19	22
76	0	0	10
105	0	0	9
ROADMAP 618
33	0	15	22
196	0	0	6
64	0	0	9
ROADMAP 619
65	0	13	22
292	0	0	9
174	0	0	4
ROADMAP 620
248	0	15	22
250	0	0	10
399	0	0	5
ROADMAP 621
98	0	0	13
58	0	0	9
ROADMAP 622
99	0	15	20
318	0	0	9
319	0	0	8
ROADMAP 623
125	0	5	8
344	0	0	10
520	0	0	1
538	0	0	2
279	0	0	1
164	0	0	5
ROADMAP 624
194	0	14	22
-318	5	4	3
163	5	0	8
ROADMAP 625
53	0	8	22
165	0	0	1
146	0	0	6
16	0	0	1
ROADMAP 626
353	0	0	13
134	0	0	9
ROADMAP 627
47	0	19	22
299	0	0	1
424	0	0	1
4	0	0	17
ROADMAP 628
44	0	7	22
189	0	0	7
ROADMAP 629
64	0	8	20
43	0	0	10
ROADMAP 630
98	0	11	13
58	0	0	20
ROADMAP 631
100	0	16	19
385	0	0	7
263	0	0	5
132	0	0	7
ROADMAP 632
85	0	14	17
33	0	0	19
ROADMAP 633
77	0	1	19
81	0	0	4
ROADMAP 634
57	0	5	9
40	0	0	18
ROADMAP 635
204	2	0	20
ROADMAP 636
24	0	8	22
442	0	0	1
471	0	0	1
402	0	0	1
265	0	0	3
8	0	0	2
ROADMAP 637
69	0	3	6
149	0	0	15
173	0	0	4
ROADMAP 638
57	0	0	9
40	0	0	13
ROADMAP 639
204	0	2	22
307	0	0	1
25	0	0	1
ROADMAP 640
111	0	10	22
370	9	0	1
ROADMAP 641
52	0	10	15
7	0	0	17
ROADMAP 642
49	0	3	22
157	0	0	2
113	0	0	1
ROADMAP 643
24	0	14	22
442	0	0	1
471	0	0	1
402	0	0	1
265	0	0	3
8	0	0	8
ROADMAP 644
39	0	7	19
6	0	0	10
ROADMAP 645
138	0	18	22
332	0	0	1
392	5	0	12
ROADMAP 646
11	0	14	22
117	0	0	13
120	0	0	1
ROADMAP 647
243	0	0	1
56	0	19	21
29	0	0	19
ROADMAP 648
233	0	3	4
203	4	0	14
151	4	0	3
ROADMAP 649
303	0	2	4
138	0	0	20
ROADMAP 650
67	0	3	22
514	0	0	3
ROADMAP 651
140	0	17	22
300	0	0	3
68	0	0	14
ROADMAP 652
635	0	1	2
204	0	0	21
ROADMAP 653
15	0	8	22
225	0	0	8
ROADMAP 654
4	0	21	22
410	0	0	8
476	0	0	7
553	0	0	6
ROADMAP 655
296	0	11	13
504	0	0	3
12	0	0	17
ROADMAP 656
66	0	5	18
69	0	0	6
149	0	0	3
ROADMAP 657
257	0	1	22
569	0	0	1
ROADMAP 658
487	0	3	9
200	0	0	7
182	0	0	9
ROADMAP 659
15	0	8	22
225	0	0	8
ROADMAP 660
248	0	5	22
250	0	0	5
ROADMAP 661
131	0	0	21
161	0	0	1
ROADMAP 662
392	0	2	22
449	0	0	1
353	0	0	1
ROADMAP 663
219	0	1	19
202	0	0	4
ROADMAP 664
166	0	3	22
ROADMAP 665
151	0	2	22
212	0	0	2
ROADMAP 666
100	0	5	19
385	0	0	7
263	0	0	1
ROADMAP 667
32	0	8	22
79	0	0	7
342	0	0	1
ROADMAP 668
475	0	1	9
303	0	0	4
138	0	0	10
ROADMAP 669
543	0	4	16
317	2	0	5
260	2	0	3
ROADMAP 670
27	0	5	22
100	0	0	5
ROADMAP 671
28	0	19	22
440	0	0	11
325	0	0	5
121	0	0	3
ROADMAP 672
296	0	12	13
504	0	0	3
12	0	0	18
ROADMAP 673
147	0	7	22
408	0	0	4
490	0	0	3
ROADMAP 674
170	0	14	22
222	0	0	3
73	0	0	11
ROADMAP 675
537	0	1	4
240	0	0	1
178	0	0	18
ROADMAP 676
140	0	21	22
300	0	0	3
68	0	0	18
ROADMAP 677
319	0	11	17
487	0	0	9
200	0	0	7
ROADMAP 678
117	0	0	13
120	0	0	9
ROADMAP 679
163	0	11	14
116	0	0	19
ROADMAP 680
228	0	10	22
293	0	0	7
314	0	0	2
148	0	0	1
ROADMAP 681
178	0	19	20
98	0	0	13
58	0	0	8
ROADMAP 682
72	0	4	14
205	0	0	9
285	0	0	3
ROADMAP 683
475	0	1	9
303	0	0	4
138	0	0	10
ROADMAP 684
136	0	17	22
190	0	0	7
171	0	0	10
ROADMAP 685
635	0	1	2
204	0	0	21
ROADMAP 686
82	0	14	16
129	0	0	17
360	0	0	3
ROADMAP 687
185	0	10	15
215	0	0	16
616	0	0	1
ROADMAP 688
67	0	9	22
514	0	0	9
ROADMAP 689
39	0	5	19
6	0	0	8
ROADMAP 690
66	0	6	18
69	0	0	6
149	0	0	4
ROADMAP 691
176	0	3	13
20	0	0	12
ROADMAP 692
293	0	5	7
314	0	0	2
148	0	0	6
115	0	0	12
ROADMAP 693
275	0	3	12
83	0	0	11
57	0	0	2
ROADMAP 694
48	0	11	16
54	0	0	16
77	0	0	1
ROADMAP 695
43	0	13	22
96	0	0	2
234	0	0	10
123	0	0	1
ROADMAP 696
105	0	7	20
334	0	0	9
ROADMAP 697
32	0	6	22
79	0	0	6
ROADMAP 698
53	0	16	22
165	0	0	1
146	0	0	6
16	0	0	9
ROADMAP 699
56	0	19	21
29	0	0	20
ROADMAP 700
27	0	19	22
100	0	0	19
ROADMAP 701
31	0	17	22
92	0	0	4
19	0	0	13
ROADMAP 702
13	0	14	22
137	0	0	14
ROADMAP 703
209	0	14	22
327	0	0	13
475	0	0	1
ROADMAP 704
166	0	13	22
664	0	0	3
11	1	0	9
ROADMAP 705
55	0	20	22
86	0	0	4
15	0	0	16
ROADMAP 706
48	0	14	16
54	0	0	16
77	0	0	4
ROADMAP 707
111	0	19	22
640	0	0	9
370	0	0	10
ROADMAP 708
119	0	18	22
127	0	0	6
131	0	0	12
ROADMAP 709
143	0	16	22
241	0	0	2
503	0	0	9
567	0	0	5
ROADMAP 710
18	0	7	22
106	0	0	4
61	0	0	3
ROADMAP 711
22	0	21	22
406	3	0	2
272	3	0	16
ROADMAP 712
11	0	21	22
117	0	0	13
120	0	0	8
ROADMAP 713
250	0	0	10
399	0	0	9
220	0	0	3
ROADMAP 714
178	0	5	20
98	0	0	7
ROADMAP 715
35	0	4	14
51	0	0	7
185	0	0	5
ROADMAP 716
201	0	21	22
365	0	0	1
162	0	0	13
126	0	0	7
ROADMAP 717
64	0	5	20
43	0	0	7
ROADMAP 718
110	0	16	22
348	6	0	5
159	6	0	4
97	6	0	1
ROADMAP 719
131	0	1	21
161	0	0	1
85	0	0	1
ROADMAP 720
185	0	4	15
215	0	0	11
ROADMAP 721
37	0	21	22
87	0	0	11
486	0	0	9
199	0	0	1
ROADMAP 722
108	0	5	12
349	0	0	4
111	1	0	10
ROADMAP 723
624	0	0	5
-318	0	4	3
163	0	0	14
116	0	0	2
ROADMAP 724
503	0	8	9
567	0	0	12
172	0	0	9
ROADMAP 725
170	0	12	22
222	0	0	3
73	0	0	9
ROADMAP 726
20	0	5	18
2	0	0	9
ROADMAP 727
29	0	17	22
76	0	0	10
105	0	0	7
ROADMAP 728
277	0	1	9
194	0	0	14
ROADMAP 729
100	0	18	19
385	0	0	7
263	0	0	5
132	0	0	9
ROADMAP 730
115	0	8	22
197	0	0	5
537	0	0	3
ROADMAP 731
268	0	3	10
47	0	0	15
ROADMAP 732
97	0	17	22
454	0	0	17
ROADMAP 733
40	0	15	22
506	0	0	3
313	0	0	12
ROADMAP 734
561	0	0	1
491	0	0	8
143	0	0	13
ROADMAP 735
140	0	21	22
300	0	0	3
68	0	0	18
ROADMAP 736
12	0	9	22
35	0	0	9
ROADMAP 737
265	0	0	3
8	0	0	19
ROADMAP 738
400	0	0	3
295	3	0	5
228	3	0	11
ROADMAP 739
102	0	3	22
252	0	0	2
465	0	0	1
ROADMAP 740
209	0	8	22
327	0	0	8
ROADMAP 741
27	0	14	22
100	0	0	14
ROADMAP 742
125	0	7	8
344	0	0	10
520	0	0	1
538	0	0	2
279	0	0	1
164	0	0	5
53	0	0	2
ROADMAP 743
237	0	3	16
219	0	0	9
ROADMAP 744
295	0	1	5
228	0	0	18
ROADMAP 745
506	0	1	3
313	0	0	17
9	0	0	3
ROADMAP 746
66	0	0	18
69	0	0	4
ROADMAP 747
3	0	4	22
48	0	0	4
ROADMAP 748
454	0	4	19
561	0	0	1
491	0	0	6
ROADMAP 749
162	0	4	13
126	0	0	13
ROADMAP 750
49	0	21	22
157	0	0	2
113	0	0	19
ROADMAP 751
57	0	1	9
40	0	0	14
ROADMAP 752
123	0	6	10
42	0	0	18
ROADMAP 753
615	0	1	14
398	0	0	9
ROADMAP 754
158	6	0	4
65	6	0	12
ROADMAP 755
111	0	4	22
640	0	0	4
ROADMAP 756
125	0	7	8
344	0	0	10
520	0	0	1
538	0	0	2
279	0	0	1
164	0	0	5
53	0	0	2
ROADMAP 757
35	0	5	14
51	0	0	7
185	0	0	6
ROADMAP 758
319	0	6	17
487	0	0	9
200	0	0	2
ROADMAP 759
567	0	0	12
172	0	0	10
ROADMAP 760
37	0	6	22
87	0	0	6
ROADMAP 761
70	0	16	19
24	0	0	19
ROADMAP 762
149	0	13	15
173	0	0	14
183	0	0	4
198	0	0	2
ROADMAP 763
14	0	3	22
125	0	0	3
ROADMAP 764
172	0	13	22
501	0	0	4
549	0	0	6
421	0	0	2
150	0	0	1
ROADMAP 765
392	0	18	22
449	0	0	1
353	0	0	13
134	0	0	4
ROADMAP 766
17	0	10	13
3	0	0	19
ROADMAP 767
248	0	3	22
250	0	0	3
ROADMAP 768
124	0	14	22
316	0	0	5
191	0	0	9
ROADMAP 769
19	0	6	22
66	0	0	6
ROADMAP 770
67	0	15	22
514	0	0	9
401	5	0	1
ROADMAP 771
47	0	5	22
299	0	0	1
424	0	0	1
4	0	0	3
ROADMAP 772
14	0	15	22
125	0	0	8
344	0	0	7
ROADMAP 773
384	0	4	14
ROADMAP 774
450	0	0	2
551	0	0	8
615	0	0	12
ROADMAP 775
8	0	18	22
99	0	0	18
ROADMAP 776
313	0	6	17
9	0	0	11
ROADMAP 777
64	0	10	20
43	0	0	12
ROADMAP 778
348	0	1	5
159	0	0	4
97	0	0	14
ROADMAP 779
124	0	12	22
316	0	0	5
191	0	0	7
ROADMAP 780
413	0	6	9
140	0	0	19
