780	0	31	1
ROADMAP 1
ROADMAP 2
ROADMAP 3
ROADMAP 4
ROADMAP 5
ROADMAP 6
ROADMAP 7
ROADMAP 8
ROADMAP 9
ROADMAP 10
ROADMAP 11
ROADMAP 12
ROADMAP 13
ROADMAP 14
ROADMAP 15
ROADMAP 16
ROADMAP 17
3	13	0	7
ROADMAP 18
ROADMAP 19
ROADMAP 20
2	18	0	2
ROADMAP 21
6	0	2	20
ROADMAP 22
ROADMAP 23
ROADMAP 24
ROADMAP 25
17	3	0	13
3	3	0	4
ROADMAP 26
10	0	10	20
ROADMAP 27
ROADMAP 28
ROADMAP 29
ROADMAP 30
16	0	16	20
ROADMAP 31
ROADMAP 32
ROADMAP 33
ROADMAP 34
21	0	0	2
ROADMAP 35
12	0	14	20
ROADMAP 36
ROADMAP 37
ROADMAP 38
36	0	9	20
ROADMAP 39
6	19	0	1
ROADMAP 40
ROADMAP 41
ROADMAP 42
ROADMAP 43
ROADMAP 44
ROADMAP 45
ROADMAP 46
44	9	0	11
ROADMAP 47
ROADMAP 48
3	0	16	20
ROADMAP 49
ROADMAP 50
10	0	13	20
26	0	0	10
ROADMAP 51
35	0	1	14
ROADMAP 52
7	15	0	5
ROADMAP 53
ROADMAP 54
48	0	12	16
ROADMAP 55
ROADMAP 56
ROADMAP 57
40	9	0	11
ROADMAP 58
ROADMAP 59
27	8	0	12
ROADMAP 60
41	0	17	20
ROADMAP 61
ROADMAP 62
36	18	0	2
ROADMAP 63
ROADMAP 64
ROADMAP 65
ROADMAP 66
19	0	18	20
ROADMAP 67
ROADMAP 68
ROADMAP 69
66	0	4	18
ROADMAP 70
24	19	0	1
ROADMAP 71
2	0	12	20
ROADMAP 72
5	0	14	20
ROADMAP 73
ROADMAP 74
31	2	0	18
ROADMAP 75
13	7	0	13
ROADMAP 76
29	0	15	20
ROADMAP 77
54	0	15	16
ROADMAP 78
39	0	2	19
6	0	0	3
ROADMAP 79
32	0	7	20
ROADMAP 80
ROADMAP 81
77	0	5	19
ROADMAP 82
9	0	16	20
ROADMAP 83
57	11	0	9
ROADMAP 84
45	10	0	10
ROADMAP 85
33	17	0	3
ROADMAP 86
55	0	18	20
15	6	0	12
ROADMAP 87
37	0	11	20
ROADMAP 88
56	0	6	20
29	1	0	5
ROADMAP 89
ROADMAP 90
2	0	9	20
71	0	0	9
ROADMAP 91
63	0	5	20
ROADMAP 92
31	0	19	20
19	6	0	13
ROADMAP 93
41	0	17	20
60	0	0	17
ROADMAP 94
73	0	13	20
ROADMAP 95
23	10	0	10
ROADMAP 96
43	0	2	20
ROADMAP 97
ROADMAP 98
58	13	0	7
ROADMAP 99
ROADMAP 100
27	0	19	20
ROADMAP 101
98	0	9	13
58	0	0	16
ROADMAP 102
ROADMAP 103
73	0	7	20
94	0	0	7
ROADMAP 104
7	0	7	20
ROADMAP 105
ROADMAP 106
61	6	0	14
ROADMAP 107
67	8	0	12
ROADMAP 108
7	0	19	20
104	0	0	7
ROADMAP 109
ROADMAP 110
ROADMAP 111
ROADMAP 112
63	0	6	20
91	0	0	5
ROADMAP 113
ROADMAP 114
76	0	6	10
105	0	0	16
ROADMAP 115
ROADMAP 116
ROADMAP 117
11	0	13	20
ROADMAP 118
89	8	0	12
ROADMAP 119
ROADMAP 120
ROADMAP 121
ROADMAP 122
118	4	0	8
89	4	0	8
ROADMAP 123
42	10	0	10
ROADMAP 124
ROADMAP 125
14	0	8	20
ROADMAP 126
52	14	0	6
ROADMAP 127
119	0	6	20
ROADMAP 128
126	0	2	14
52	0	0	8
ROADMAP 129
82	0	13	16
ROADMAP 130
42	0	6	20
41	2	0	4
ROADMAP 131
ROADMAP 132
18	16	0	4
ROADMAP 133
116	0	15	20
5	0	0	15
ROADMAP 134
ROADMAP 135
8	0	2	20
99	0	0	2
ROADMAP 136
ROADMAP 137
13	0	18	20
ROADMAP 138
ROADMAP 139
56	0	9	20
88	0	0	1
29	0	0	8
ROADMAP 140
ROADMAP 141
26	0	4	10
50	0	0	3
55	5	0	6
ROADMAP 142
117	0	3	13
120	0	0	10
ROADMAP 143
ROADMAP 144
32	1	0	19
ROADMAP 145
3	0	4	20
48	0	0	4
ROADMAP 146
16	6	0	14
ROADMAP 147
ROADMAP 148
115	6	0	14
ROADMAP 149
69	0	1	6
ROADMAP 150
102	1	0	19
ROADMAP 151
ROADMAP 152
ROADMAP 153
8	0	9	20
99	0	0	9
ROADMAP 154
147	1	0	19
ROADMAP 155
10	18	0	2
ROADMAP 156
59	16	0	4
ROADMAP 157
49	0	3	20
ROADMAP 158
65	4	0	16
ROADMAP 159
97	4	0	16
ROADMAP 160
71	0	1	12
ROADMAP 161
131	0	6	20
85	3	0	3
ROADMAP 162
126	13	0	7
ROADMAP 163
116	14	0	6
ROADMAP 164
53	5	0	15
ROADMAP 165
53	0	4	20
146	3	0	1
ROADMAP 166
ROADMAP 167
92	0	3	6
19	0	0	17
ROADMAP 168
34	0	16	18
46	10	0	8
ROADMAP 169
11	0	14	20
117	0	0	13
120	0	0	1
ROADMAP 170
ROADMAP 171
122	12	0	4
118	12	0	4
ROADMAP 172
ROADMAP 173
149	0	9	15
ROADMAP 174
107	16	0	4
ROADMAP 175
6	0	0	20
ROADMAP 176
20	13	0	7
ROADMAP 177
132	0	6	16
18	0	0	10
ROADMAP 178
ROADMAP 179
119	0	19	20
127	0	0	6
131	1	0	12
ROADMAP 180
19	0	3	20
66	0	0	3
ROADMAP 181
83	0	5	11
57	0	0	9
40	0	0	5
ROADMAP 182
ROADMAP 183
149	0	13	15
173	0	0	14
ROADMAP 184
56	0	13	20
88	0	0	1
29	0	0	12
ROADMAP 185
51	0	2	7
ROADMAP 186
41	0	0	20
ROADMAP 187
1	1	0	19
ROADMAP 188
48	0	3	16
54	0	0	7
ROADMAP 189
44	0	7	20
ROADMAP 190
136	0	11	20
171	9	0	2
ROADMAP 191
ROADMAP 192
29	0	8	20
76	0	0	8
ROADMAP 193
98	0	9	13
58	0	0	16
ROADMAP 194
ROADMAP 195
10	0	18	20
26	0	0	10
50	0	0	3
141	0	0	5
ROADMAP 196
33	0	7	20
ROADMAP 197
115	0	5	20
ROADMAP 198
173	0	5	14
183	0	0	4
ROADMAP 199
62	14	0	6
ROADMAP 200
182	7	0	13
ROADMAP 201
ROADMAP 202
28	6	0	14
ROADMAP 203
151	14	0	6
ROADMAP 204
ROADMAP 205
72	0	3	14
ROADMAP 206
131	0	19	20
161	0	0	3
85	0	0	16
ROADMAP 207
131	0	10	20
161	0	0	3
85	0	0	7
ROADMAP 208
ROADMAP 209
ROADMAP 210
76	0	2	15
ROADMAP 211
69	0	1	6
149	0	0	15
ROADMAP 212
151	0	16	20
209	13	0	3
ROADMAP 213
173	0	3	14
183	0	0	4
198	0	0	5
ROADMAP 214
17	0	8	13
3	0	0	15
ROADMAP 215
185	0	11	15
ROADMAP 216
61	0	19	20
ROADMAP 217
20	0	13	18
2	0	0	15
ROADMAP 218
69	0	2	6
149	0	0	15
173	0	0	1
ROADMAP 219
202	19	0	1
ROADMAP 220
ROADMAP 221
54	0	6	16
77	0	0	10
ROADMAP 222
170	0	19	20
73	5	0	14
ROADMAP 223
157	0	0	3
113	1	0	16
ROADMAP 224
32	0	6	20
79	0	0	6
ROADMAP 225
15	0	15	20
170	12	0	3
ROADMAP 226
62	0	15	18
36	0	0	17
ROADMAP 227
63	0	17	20
91	0	0	5
112	0	0	1
110	10	0	1
ROADMAP 228
ROADMAP 229
151	0	10	20
212	0	0	10
ROADMAP 230
136	0	7	20
190	0	0	7
ROADMAP 231
223	0	0	1
113	0	0	19
ROADMAP 232
3	0	14	20
48	0	0	14
ROADMAP 233
109	0	4	20
ROADMAP 234
43	0	19	20
96	0	0	2
123	12	0	5
ROADMAP 235
10	0	8	20
26	0	0	8
ROADMAP 236
83	0	0	11
57	0	0	9
ROADMAP 237
219	16	0	4
ROADMAP 238
75	0	1	7
13	0	0	14
ROADMAP 239
9	0	2	20
82	0	0	2
ROADMAP 240
178	1	0	19
ROADMAP 241
143	0	2	20
ROADMAP 242
131	0	15	20
161	0	0	3
85	0	0	12
ROADMAP 243
121	0	3	20
ROADMAP 244
37	0	9	20
87	0	0	9
ROADMAP 245
185	0	9	15
215	0	0	14
ROADMAP 246
176	17	0	3
ROADMAP 247
19	0	14	20
66	0	0	14
ROADMAP 248
ROADMAP 249
ROADMAP 250
248	0	10	20
ROADMAP 251
116	0	8	20
5	0	0	8
ROADMAP 252
102	0	2	20
ROADMAP 253
29	0	1	20
76	0	0	1
ROADMAP 254
58	0	10	20
119	3	0	7
ROADMAP 255
20	0	0	18
2	0	0	2
ROADMAP 256
203	0	1	14
151	0	0	7
ROADMAP 257
ROADMAP 258
12	0	8	20
35	0	0	8
ROADMAP 259
98	0	9	13
58	0	0	16
ROADMAP 260
144	15	0	1
32	15	0	4
ROADMAP 261
237	0	13	16
219	0	0	17
ROADMAP 262
44	0	3	20
189	0	0	3
ROADMAP 263
132	5	0	15
ROADMAP 264
75	0	5	7
13	0	0	18
ROADMAP 265
8	3	0	17
ROADMAP 266
94	0	0	13
ROADMAP 267
33	0	8	20
196	0	0	7
ROADMAP 268
47	10	0	10
ROADMAP 269
58	0	7	20
254	0	0	3
119	0	0	4
ROADMAP 270
75	3	0	7
13	3	0	10
ROADMAP 271
66	0	3	18
69	0	0	5
ROADMAP 272
268	19	0	1
ROADMAP 273
98	0	10	13
58	0	0	17
ROADMAP 274
55	0	18	20
86	0	0	6
15	0	0	12
ROADMAP 275
83	12	0	8
ROADMAP 276
56	0	18	20
88	0	0	1
29	0	0	17
ROADMAP 277
194	9	0	11
ROADMAP 278
119	0	18	20
127	0	0	6
179	0	0	1
131	0	0	11
ROADMAP 279
164	1	0	5
53	1	0	14
ROADMAP 280
55	0	19	20
86	0	0	6
15	0	0	13
ROADMAP 281
54	0	8	16
77	0	0	12
ROADMAP 282
98	0	8	13
58	0	0	15
ROADMAP 283
106	0	2	6
61	0	0	16
ROADMAP 284
220	0	14	20
80	2	0	12
ROADMAP 285
72	0	13	14
205	0	0	9
ROADMAP 286
260	0	12	15
144	0	0	1
32	0	0	16
ROADMAP 287
216	0	11	19
257	7	0	5
ROADMAP 288
41	0	7	20
60	0	0	7
ROADMAP 289
285	0	9	10
152	0	0	19
ROADMAP 290
196	0	6	7
267	0	0	1
64	0	0	18
ROADMAP 291
2	0	1	20
71	0	0	1
ROADMAP 292
65	0	15	20
174	11	0	4
ROADMAP 293
228	0	7	20
ROADMAP 294
162	0	1	13
126	0	0	8
ROADMAP 295
228	5	0	15
ROADMAP 296
68	0	13	20
ROADMAP 297
151	0	1	20
212	0	0	1
ROADMAP 298
52	0	12	15
7	0	0	17
ROADMAP 299
47	0	1	20
ROADMAP 300
140	0	8	20
68	5	0	3
ROADMAP 301
38	0	4	9
22	6	0	9
ROADMAP 302
115	0	4	20
197	0	0	4
ROADMAP 303
138	4	0	16
ROADMAP 304
170	0	0	20
ROADMAP 305
43	0	17	20
96	0	0	2
234	0	0	12
123	0	0	3
ROADMAP 306
208	0	9	20
14	2	0	7
ROADMAP 307
204	0	2	20
ROADMAP 308
80	0	2	20
49	0	0	2
ROADMAP 309
199	0	7	14
62	0	0	13
ROADMAP 310
20	0	3	18
2	0	0	5
ROADMAP 311
187	0	0	1
1	0	0	19
ROADMAP 312
41	0	18	20
60	0	0	17
ROADMAP 313
9	17	0	3
ROADMAP 314
228	0	13	20
293	0	0	7
148	4	0	2
ROADMAP 315
131	0	18	20
161	0	0	3
85	0	0	15
ROADMAP 316
124	0	18	20
191	7	0	11
ROADMAP 317
260	5	0	15
ROADMAP 318
99	0	9	20
ROADMAP 319
318	0	6	9
ROADMAP 320
5	0	16	20
72	0	0	14
205	0	0	2
ROADMAP 321
85	0	15	17
33	0	0	18
ROADMAP 322
27	0	8	20
100	0	0	8
ROADMAP 323
8	0	14	20
99	0	0	14
ROADMAP 324
18	0	19	20
106	0	0	6
61	0	0	13
ROADMAP 325
121	5	0	15
ROADMAP 326
152	0	6	20
ROADMAP 327
209	0	13	20
ROADMAP 328
58	0	10	20
254	0	0	3
119	0	0	7
ROADMAP 329
190	0	6	9
171	0	0	12
122	0	0	4
118	0	0	1
ROADMAP 330
5	0	18	20
72	0	0	14
205	0	0	4
ROADMAP 331
29	0	8	20
76	0	0	8
ROADMAP 332
138	0	1	20
ROADMAP 333
285	0	9	10
152	0	0	19
ROADMAP 334
109	10	0	10
ROADMAP 335
163	0	11	14
116	0	0	17
ROADMAP 336
156	0	1	16
59	0	0	5
ROADMAP 337
83	0	3	11
57	0	0	9
40	0	0	3
ROADMAP 338
243	0	0	3
56	0	19	20
88	0	0	1
29	0	0	15
ROADMAP 339
132	0	7	16
18	0	0	11
ROADMAP 340
208	3	0	17
ROADMAP 341
119	0	17	20
127	0	0	6
179	0	0	1
131	0	0	10
ROADMAP 342
32	0	12	20
79	0	0	7
248	3	0	2
ROADMAP 343
41	0	11	20
60	0	0	11
ROADMAP 344
14	0	18	20
125	0	0	8
ROADMAP 345
19	0	2	20
66	0	0	2
ROADMAP 346
168	0	7	10
46	0	0	9
44	0	0	8
ROADMAP 347
272	0	9	19
268	0	0	10
ROADMAP 348
159	5	0	4
97	5	0	11
ROADMAP 349
104	0	3	7
108	0	0	12
ROADMAP 350
149	0	13	15
173	0	0	14
183	0	0	4
ROADMAP 351
228	0	16	20
293	0	0	7
314	0	0	4
148	0	0	5
ROADMAP 352
56	0	4	20
88	0	0	1
29	0	0	3
ROADMAP 353
134	13	0	7
ROADMAP 354
65	0	0	20
ROADMAP 355
34	0	12	18
168	0	0	10
46	0	0	4
ROADMAP 356
212	0	2	13
209	0	0	9
ROADMAP 357
64	0	18	20
43	0	0	18
ROADMAP 358
263	0	1	5
132	0	0	16
ROADMAP 359
249	0	19	20
70	1	0	18
ROADMAP 360
129	0	15	17
39	6	0	12
ROADMAP 361
20	0	8	18
2	0	0	10
ROADMAP 362
56	0	1	20
88	0	0	1
ROADMAP 363
89	0	1	20
ROADMAP 364
200	0	3	7
182	0	0	16
ROADMAP 365
201	0	7	20
162	3	0	4
ROADMAP 366
23	0	19	20
84	2	0	10
45	2	0	7
ROADMAP 367
152	0	4	20
326	0	0	4
ROADMAP 368
63	0	3	20
91	0	0	3
ROADMAP 369
58	0	9	20
254	0	0	3
119	0	0	6
ROADMAP 370
277	15	0	5
ROADMAP 371
168	0	8	10
46	0	0	9
44	0	0	9
ROADMAP 372
52	0	7	15
7	0	0	12
ROADMAP 373
249	0	0	20
ROADMAP 374
126	0	2	14
52	0	0	8
ROADMAP 375
158	0	0	4
65	0	0	16
ROADMAP 376
84	0	5	10
45	0	0	15
ROADMAP 377
156	8	0	12
ROADMAP 378
208	0	6	20
306	0	0	2
14	0	0	4
ROADMAP 379
13	0	9	20
137	0	0	9
ROADMAP 380
7	0	3	20
104	0	0	3
ROADMAP 381
58	0	14	20
254	0	0	3
119	0	0	11
ROADMAP 382
189	0	4	7
237	8	0	9
ROADMAP 383
174	0	1	16
107	0	0	5
ROADMAP 384
326	0	0	6
ROADMAP 385
100	0	10	19
263	9	0	2
ROADMAP 386
168	0	0	10
46	0	0	9
44	0	0	1
ROADMAP 387
248	0	6	20
250	0	0	6
ROADMAP 388
266	0	6	7
377	0	0	8
156	0	0	11
ROADMAP 389
216	0	8	19
287	0	0	7
257	0	0	2
ROADMAP 390
270	0	1	3
75	0	0	7
13	0	0	11
ROADMAP 391
124	0	3	20
316	0	0	3
ROADMAP 392
ROADMAP 393
39	0	13	19
6	0	0	14
ROADMAP 394
152	0	3	20
326	0	0	3
ROADMAP 395
65	0	3	20
292	0	0	3
ROADMAP 396
20	0	5	18
2	0	0	7
ROADMAP 397
113	0	15	20
37	9	0	6
ROADMAP 398
ROADMAP 399
250	0	8	10
220	11	0	7
ROADMAP 400
45	0	3	20
ROADMAP 401
136	11	0	9
ROADMAP 402
265	1	0	3
8	1	0	16
ROADMAP 403
124	0	19	20
316	0	0	7
191	0	0	12
ROADMAP 404
216	0	9	19
287	0	0	7
257	0	0	3
ROADMAP 405
23	0	16	20
366	0	0	2
84	0	0	10
45	0	0	4
ROADMAP 406
272	2	0	18
ROADMAP 407
36	0	14	20
38	0	0	9
301	0	0	5
ROADMAP 408
147	0	4	20
ROADMAP 409
15	0	4	20
225	0	0	4
ROADMAP 410
4	0	8	20
ROADMAP 411
225	0	4	12
170	0	0	12
ROADMAP 412
34	0	14	18
168	0	0	10
46	0	0	6
ROADMAP 413
398	0	9	20
ROADMAP 414
176	0	4	13
20	0	0	11
ROADMAP 415
29	0	17	20
76	0	0	10
105	0	0	7
ROADMAP 416
32	0	15	20
79	0	0	7
342	0	0	3
248	0	0	5
ROADMAP 417
74	13	0	2
31	13	0	5
ROADMAP 418
174	0	6	16
107	0	0	8
67	0	0	2
ROADMAP 419
52	0	10	15
7	0	0	15
ROADMAP 420
60	0	16	17
312	0	0	1
417	1	0	13
74	1	0	2
31	1	0	2
ROADMAP 421
150	2	0	1
102	2	0	17
ROADMAP 422
246	0	3	17
176	0	0	6
ROADMAP 423
56	8	0	12
ROADMAP 424
47	0	18	20
299	0	0	1
4	3	0	14
ROADMAP 425
129	0	10	17
360	0	0	6
39	0	0	7
ROADMAP 426
50	0	1	3
141	0	0	5
55	0	0	13
ROADMAP 427
35	0	5	14
51	0	0	7
185	0	0	4
ROADMAP 428
2	0	0	20
ROADMAP 429
61	0	13	20
216	0	0	13
ROADMAP 430
155	0	7	18
10	0	0	9
ROADMAP 431
201	5	0	15
ROADMAP 432
34	0	3	18
168	0	0	5
ROADMAP 433
234	0	7	12
123	0	0	10
42	0	0	5
ROADMAP 434
163	0	1	14
116	0	0	7
ROADMAP 435
292	0	0	11
174	0	0	9
ROADMAP 436
185	0	0	15
215	0	0	5
ROADMAP 437
37	0	4	20
87	0	0	4
ROADMAP 438
105	0	0	20
ROADMAP 439
156	0	0	16
59	0	0	4
ROADMAP 440
28	0	11	20
ROADMAP 441
9	0	17	20
82	0	0	16
129	0	0	1
ROADMAP 442
24	0	1	20
ROADMAP 443
140	0	13	20
300	0	0	5
68	0	0	8
ROADMAP 444
86	0	0	6
15	0	0	14
ROADMAP 445
234	0	7	12
123	0	0	10
42	0	0	5
ROADMAP 446
29	0	5	20
76	0	0	5
ROADMAP 447
120	0	12	20
63	3	0	9
ROADMAP 448
70	0	14	19
24	0	0	15
ROADMAP 449
353	3	0	13
134	3	0	4
ROADMAP 450
77	0	7	19
81	0	0	6
ROADMAP 451
222	0	1	5
73	0	0	16
ROADMAP 452
237	0	0	16
219	0	0	4
ROADMAP 453
100	0	18	19
385	0	0	9
263	0	0	5
132	0	0	5
ROADMAP 454
97	0	19	20
ROADMAP 455
41	0	11	20
60	0	0	11
ROADMAP 456
119	0	17	20
127	0	0	6
179	0	0	1
131	0	0	10
ROADMAP 457
183	0	3	4
198	0	0	7
423	5	0	7
ROADMAP 458
152	0	12	20
326	0	0	6
384	0	0	6
ROADMAP 459
7	0	1	20
104	0	0	1
ROADMAP 460
370	0	6	15
277	0	0	9
194	0	0	2
ROADMAP 461
162	0	2	13
126	0	0	9
ROADMAP 462
55	0	12	20
86	0	0	6
15	0	0	6
ROADMAP 463
5	0	17	20
72	0	0	14
205	0	0	3
ROADMAP 464
334	0	2	10
109	0	0	12
ROADMAP 465
102	0	7	20
252	0	0	2
ROADMAP 466
272	0	12	19
268	0	0	10
47	0	0	3
ROADMAP 467
62	0	14	18
36	0	0	16
ROADMAP 468
89	0	13	20
363	0	0	1
166	2	0	10
ROADMAP 469
100	0	7	19
385	0	0	8
ROADMAP 470
3	0	0	20
ROADMAP 471
24	0	5	20
442	0	0	1
402	3	0	1
ROADMAP 472
220	0	17	20
284	0	0	2
80	0	0	15
ROADMAP 473
18	0	12	20
106	0	0	6
61	0	0	6
ROADMAP 474
20	0	17	18
2	0	0	19
ROADMAP 475
327	0	3	13
ROADMAP 476
4	0	15	20
410	0	0	8
ROADMAP 477
423	0	1	8
56	0	0	13
ROADMAP 478
49	0	14	20
157	0	0	3
223	0	0	1
113	0	0	10
ROADMAP 479
58	0	6	20
254	0	0	3
119	0	0	3
ROADMAP 480
63	0	9	20
91	0	0	5
112	0	0	1
227	0	0	3
ROADMAP 481
80	0	5	20
49	0	0	5
ROADMAP 482
178	0	15	20
98	0	0	13
58	0	0	2
ROADMAP 483
219	0	10	19
202	0	0	6
28	0	0	5
ROADMAP 484
152	0	10	20
326	0	0	6
384	0	0	4
ROADMAP 485
33	0	3	20
196	0	0	3
ROADMAP 486
87	0	3	11
199	11	0	1
ROADMAP 487
200	10	0	7
182	10	0	3
ROADMAP 488
203	0	10	14
151	0	0	16
ROADMAP 489
204	0	18	20
307	0	0	2
25	1	0	3
17	1	0	12
ROADMAP 490
147	0	18	20
408	0	0	4
ROADMAP 491
143	8	0	12
ROADMAP 492
97	0	0	20
ROADMAP 493
423	0	3	8
56	0	0	15
ROADMAP 494
17	0	5	13
3	0	0	12
ROADMAP 495
123	0	7	10
42	0	0	17
ROADMAP 496
55	0	1	20
86	0	0	1
ROADMAP 497
70	0	9	19
24	0	0	10
ROADMAP 498
7	0	9	20
104	0	0	7
108	0	0	2
ROADMAP 499
97	0	4	20
454	0	0	4
ROADMAP 500
5	0	1	20
72	0	0	1
ROADMAP 501
172	0	4	20
ROADMAP 502
33	0	13	20
196	0	0	7
267	0	0	1
64	0	0	5
ROADMAP 503
143	0	11	20
241	0	0	2
ROADMAP 504
296	0	10	13
12	5	0	12
ROADMAP 505
59	0	6	8
27	0	0	18
ROADMAP 506
40	0	12	20
313	5	0	7
ROADMAP 507
209	0	15	20
327	0	0	13
475	0	0	2
ROADMAP 508
204	0	10	20
307	0	0	2
489	0	0	1
25	0	0	3
17	0	0	4
ROADMAP 509
212	0	2	13
209	0	0	9
ROADMAP 510
487	0	8	10
200	0	0	7
182	0	0	11
ROADMAP 511
80	0	14	20
49	0	0	14
ROADMAP 512
303	0	2	4
138	0	0	18
ROADMAP 513
58	0	10	20
254	0	0	3
119	0	0	7
ROADMAP 514
67	0	9	20
ROADMAP 515
102	0	0	20
ROADMAP 516
170	0	0	20
ROADMAP 517
54	0	8	16
77	0	0	12
ROADMAP 518
490	0	0	14
ROADMAP 519
95	0	8	10
23	0	0	18
ROADMAP 520
14	0	19	20
125	0	0	8
344	0	0	10
ROADMAP 521
222	0	1	5
73	0	0	16
ROADMAP 522
397	0	5	9
37	0	0	16
ROADMAP 523
107	0	5	8
67	0	0	17
ROADMAP 524
55	0	18	20
86	0	0	6
15	0	0	12
ROADMAP 525
102	0	2	20
252	0	0	2
ROADMAP 526
431	0	2	5
201	0	0	17
ROADMAP 527
56	0	3	20
88	0	0	1
29	0	0	2
ROADMAP 528
8	0	9	20
99	0	0	9
ROADMAP 529
46	0	7	9
44	0	0	18
ROADMAP 530
62	0	4	18
36	0	0	6
ROADMAP 531
80	0	0	20
ROADMAP 532
156	0	14	16
59	0	0	8
27	0	0	10
ROADMAP 533
132	0	5	16
18	0	0	9
ROADMAP 534
147	0	7	20
408	0	0	4
490	0	0	3
ROADMAP 535
37	0	8	20
87	0	0	8
ROADMAP 536
58	0	4	20
254	0	0	3
119	0	0	1
ROADMAP 537
197	0	2	5
240	6	0	1
178	6	0	10
ROADMAP 538
344	0	6	10
520	0	0	1
279	4	0	1
164	4	0	5
53	4	0	5
ROADMAP 539
196	0	5	7
267	0	0	1
64	0	0	17
ROADMAP 540
7	0	8	20
104	0	0	7
108	0	0	1
ROADMAP 541
70	0	3	19
24	0	0	4
ROADMAP 542
24	0	2	20
442	0	0	1
471	0	0	1
ROADMAP 543
182	0	16	20
ROADMAP 544
272	0	11	19
268	0	0	10
47	0	0	2
ROADMAP 545
237	0	5	16
219	0	0	9
ROADMAP 546
99	0	8	20
318	0	0	8
ROADMAP 547
137	0	13	18
95	5	0	10
ROADMAP 548
210	0	2	7
340	8	0	3
208	8	0	4
ROADMAP 549
172	0	11	20
501	0	0	4
ROADMAP 550
20	0	10	18
2	0	0	12
ROADMAP 551
77	0	15	19
81	0	0	6
450	0	0	2
ROADMAP 552
200	0	3	7
182	0	0	16
ROADMAP 553
431	7	0	5
201	7	0	8
ROADMAP 554
449	0	0	3
353	0	0	13
134	0	0	4
ROADMAP 555
151	0	0	20
ROADMAP 556
178	0	6	20
98	0	0	6
ROADMAP 557
14	0	17	20
125	0	0	8
344	0	0	9
ROADMAP 558
182	0	3	20
543	0	0	3
ROADMAP 559
136	0	4	20
190	0	0	4
ROADMAP 560
7	0	5	20
104	0	0	5
ROADMAP 561
454	0	16	19
491	3	0	8
143	3	0	6
ROADMAP 562
1	0	6	20
ROADMAP 563
115	0	1	20
197	0	0	1
ROADMAP 564
156	0	2	16
59	0	0	6
ROADMAP 565
53	0	1	20
165	0	0	1
ROADMAP 566
1	0	1	20
562	0	0	1
ROADMAP 567
172	14	0	6
ROADMAP 568
313	0	12	17
9	0	0	15
ROADMAP 569
257	0	4	20
ROADMAP 570
431	0	0	5
201	0	0	15
ROADMAP 571
30	0	11	16
187	0	0	1
1	0	0	14
ROADMAP 572
538	0	0	4
279	0	0	1
164	0	0	5
53	0	0	10
ROADMAP 573
29	0	6	20
76	0	0	6
ROADMAP 574
32	0	14	20
79	0	0	7
342	0	0	3
248	0	0	4
ROADMAP 575
172	0	5	20
501	0	0	4
549	0	0	1
ROADMAP 576
44	0	11	20
189	0	0	7
382	0	0	4
ROADMAP 577
60	0	9	17
312	0	0	1
420	0	0	1
417	0	0	10
ROADMAP 578
49	0	2	20
157	0	0	2
ROADMAP 579
370	0	7	15
277	0	0	9
194	0	0	3
ROADMAP 580
248	0	19	20
250	0	0	10
399	0	0	9
ROADMAP 581
163	0	10	14
116	0	0	16
ROADMAP 582
120	0	5	20
447	0	0	3
63	0	0	2
ROADMAP 583
149	0	0	15
173	0	0	5
ROADMAP 584
172	0	3	20
501	0	0	3
ROADMAP 585
53	0	1	20
165	0	0	1
ROADMAP 586
117	0	1	13
120	0	0	8
ROADMAP 587
313	0	15	17
9	0	0	18
ROADMAP 588
327	0	8	13
475	0	0	10
303	1	0	4
ROADMAP 589
56	0	12	20
88	0	0	1
29	0	0	11
ROADMAP 590
141	0	1	5
55	0	0	16
ROADMAP 591
45	0	0	20
ROADMAP 592
173	0	0	14
183	0	0	4
198	0	0	2
ROADMAP 593
61	0	15	20
216	0	0	15
ROADMAP 594
42	0	5	20
130	0	0	2
41	0	0	3
ROADMAP 595
94	0	7	13
266	0	0	7
377	0	0	7
ROADMAP 596
392	0	19	20
449	0	0	3
353	0	0	13
134	0	0	3
ROADMAP 597
69	0	1	6
149	0	0	15
ROADMAP 598
152	0	5	20
326	0	0	5
ROADMAP 599
58	0	10	20
254	0	0	3
119	0	0	7
ROADMAP 600
30	0	8	16
187	0	0	1
1	0	0	11
ROADMAP 601
120	0	10	20
447	0	0	3
63	0	0	7
ROADMAP 602
48	0	5	16
54	0	0	9
ROADMAP 603
39	0	4	19
6	0	0	5
ROADMAP 604
18	0	17	20
106	0	0	6
61	0	0	11
ROADMAP 605
313	0	13	17
9	0	0	16
ROADMAP 606
538	0	0	4
279	0	0	1
164	0	0	5
53	0	0	10
ROADMAP 607
47	0	11	20
299	0	0	1
424	0	0	3
4	0	0	7
ROADMAP 608
410	0	0	8
476	0	0	7
553	2	0	3
ROADMAP 609
64	0	9	20
43	0	0	9
ROADMAP 610
146	0	3	6
16	0	0	17
ROADMAP 611
161	0	0	3
85	0	0	17
ROADMAP 612
147	0	13	20
408	0	0	4
490	0	0	9
ROADMAP 613
219	0	0	19
202	0	0	1
ROADMAP 614
319	0	14	17
487	1	0	10
200	1	0	6
ROADMAP 615
551	0	5	8
398	16	0	1
ROADMAP 616
215	0	0	16
ROADMAP 617
29	0	19	20
76	0	0	10
105	0	0	9
ROADMAP 618
33	0	15	20
196	0	0	7
267	0	0	1
64	0	0	7
ROADMAP 619
65	0	13	20
292	0	0	11
174	0	0	2
ROADMAP 620
248	0	15	20
250	0	0	10
399	0	0	5
ROADMAP 621
98	0	0	13
58	0	0	7
ROADMAP 622
99	0	17	20
318	0	0	9
319	0	0	8
ROADMAP 623
125	0	7	8
344	0	0	10
520	0	0	1
538	0	0	4
279	0	0	1
164	0	0	3
ROADMAP 624
194	0	14	20
163	8	0	6
ROADMAP 625
53	0	8	20
165	0	0	3
146	0	0	5
ROADMAP 626
353	0	0	13
134	0	0	7
ROADMAP 627
47	0	19	20
299	0	0	1
424	0	0	3
4	0	0	15
ROADMAP 628
44	0	7	20
189	0	0	7
ROADMAP 629
64	0	8	20
43	0	0	8
ROADMAP 630
98	0	11	13
58	0	0	18
ROADMAP 631
100	0	18	19
385	0	0	9
263	0	0	5
132	0	0	5
ROADMAP 632
85	0	14	17
33	0	0	17
ROADMAP 633
77	0	3	19
81	0	0	4
ROADMAP 634
57	0	5	9
40	0	0	16
ROADMAP 635
204	2	0	18
ROADMAP 636
24	0	8	20
442	0	0	1
471	0	0	3
402	0	0	1
265	0	0	3
ROADMAP 637
69	0	5	6
149	0	0	15
173	0	0	4
ROADMAP 638
57	0	0	9
40	0	0	11
ROADMAP 639
204	0	2	20
307	0	0	2
ROADMAP 640
111	0	10	20
ROADMAP 641
52	0	10	15
7	0	0	15
ROADMAP 642
49	0	3	20
157	0	0	3
ROADMAP 643
24	0	14	20
442	0	0	1
471	0	0	3
402	0	0	1
265	0	0	3
8	0	0	6
ROADMAP 644
39	0	7	19
6	0	0	8
ROADMAP 645
138	0	18	20
332	0	0	1
392	7	0	10
ROADMAP 646
11	0	14	20
117	0	0	13
120	0	0	1
ROADMAP 647
243	0	2	3
56	0	19	20
88	0	0	1
29	0	0	17
ROADMAP 648
203	5	0	14
151	5	0	1
ROADMAP 649
303	0	2	4
138	0	0	18
ROADMAP 650
67	0	3	20
514	0	0	3
ROADMAP 651
140	0	17	20
300	0	0	5
68	0	0	12
ROADMAP 652
635	0	1	2
204	0	0	19
ROADMAP 653
15	0	8	20
225	0	0	8
ROADMAP 654
410	0	1	8
476	0	0	7
608	0	0	2
553	0	0	4
ROADMAP 655
504	0	0	5
12	0	0	15
ROADMAP 656
66	0	7	18
69	0	0	6
149	0	0	3
ROADMAP 657
257	0	1	20
569	0	0	1
ROADMAP 658
487	0	4	10
200	0	0	7
182	0	0	7
ROADMAP 659
15	0	8	20
225	0	0	8
ROADMAP 660
248	0	5	20
250	0	0	5
ROADMAP 661
131	0	1	20
161	0	0	1
ROADMAP 662
392	0	2	20
449	0	0	2
ROADMAP 663
219	0	1	19
202	0	0	2
ROADMAP 664
166	0	3	20
ROADMAP 665
151	0	2	20
212	0	0	2
ROADMAP 666
100	0	7	19
385	0	0	8
ROADMAP 667
32	0	8	20
79	0	0	7
342	0	0	1
ROADMAP 668
475	0	3	10
588	0	0	1
303	0	0	4
138	0	0	8
ROADMAP 669
543	0	6	16
317	4	0	5
260	4	0	1
ROADMAP 670
27	0	5	20
100	0	0	5
ROADMAP 671
28	0	19	20
440	0	0	11
325	2	0	5
121	2	0	1
ROADMAP 672
504	0	1	5
12	0	0	16
ROADMAP 673
147	0	7	20
408	0	0	4
490	0	0	3
ROADMAP 674
170	0	14	20
222	0	0	5
73	0	0	9
ROADMAP 675
537	0	3	6
240	0	0	1
178	0	0	16
ROADMAP 676
300	0	1	5
68	0	0	16
ROADMAP 677
319	0	13	17
614	0	0	1
487	0	0	10
200	0	0	5
ROADMAP 678
117	0	2	13
120	0	0	9
ROADMAP 679
163	0	11	14
116	0	0	17
ROADMAP 680
228	0	10	20
293	0	0	7
314	0	0	3
ROADMAP 681
178	0	19	20
98	0	0	13
58	0	0	6
ROADMAP 682
72	0	6	14
205	0	0	9
285	0	0	3
ROADMAP 683
475	0	3	10
588	0	0	1
303	0	0	4
138	0	0	8
ROADMAP 684
136	0	17	20
190	0	0	9
171	0	0	8
ROADMAP 685
635	0	1	2
204	0	0	19
ROADMAP 686
129	0	0	17
360	0	0	3
ROADMAP 687
185	0	12	15
215	0	0	16
616	0	0	1
ROADMAP 688
67	0	9	20
514	0	0	9
ROADMAP 689
39	0	5	19
6	0	0	6
ROADMAP 690
66	0	8	18
69	0	0	6
149	0	0	4
ROADMAP 691
176	0	3	13
20	0	0	10
ROADMAP 692
314	0	0	4
148	0	0	6
115	0	0	10
ROADMAP 693
275	0	3	12
83	0	0	11
ROADMAP 694
48	0	13	16
54	0	0	16
77	0	0	1
ROADMAP 695
43	0	13	20
96	0	0	2
234	0	0	11
ROADMAP 696
105	0	9	20
334	1	0	8
ROADMAP 697
32	0	6	20
79	0	0	6
ROADMAP 698
53	0	16	20
165	0	0	3
146	0	0	6
16	0	0	7
ROADMAP 699
56	0	19	20
88	0	0	1
29	0	0	18
ROADMAP 700
27	0	19	20
100	0	0	19
ROADMAP 701
31	0	17	20
92	0	0	6
19	0	0	11
ROADMAP 702
13	0	14	20
137	0	0	14
ROADMAP 703
209	0	14	20
327	0	0	13
475	0	0	1
ROADMAP 704
166	0	13	20
664	0	0	3
11	3	0	7
ROADMAP 705
86	0	0	6
15	0	0	14
ROADMAP 706
54	0	0	16
77	0	0	4
ROADMAP 707
111	0	19	20
640	0	0	10
370	1	0	8
ROADMAP 708
119	0	18	20
127	0	0	6
179	0	0	1
131	0	0	11
ROADMAP 709
143	0	16	20
241	0	0	2
503	0	0	9
567	0	0	5
ROADMAP 710
18	0	7	20
106	0	0	6
61	0	0	1
ROADMAP 711
406	4	0	2
272	4	0	14
ROADMAP 712
117	0	1	13
120	0	0	8
ROADMAP 713
250	0	2	10
399	0	0	11
220	0	0	1
ROADMAP 714
178	0	5	20
98	0	0	5
ROADMAP 715
35	0	6	14
51	0	0	7
185	0	0	5
ROADMAP 716
365	0	1	3
162	0	0	13
126	0	0	5
ROADMAP 717
64	0	5	20
43	0	0	5
ROADMAP 718
110	0	16	20
348	8	0	5
159	8	0	3
ROADMAP 719
131	0	2	20
161	0	0	2
ROADMAP 720
185	0	6	15
215	0	0	11
ROADMAP 721
87	0	1	11
486	0	0	10
ROADMAP 722
108	0	7	12
349	0	0	4
111	3	0	8
ROADMAP 723
624	0	2	8
163	0	0	14
ROADMAP 724
567	0	1	14
172	0	0	7
ROADMAP 725
170	0	12	20
222	0	0	5
73	0	0	7
ROADMAP 726
20	0	5	18
2	0	0	7
ROADMAP 727
29	0	17	20
76	0	0	10
105	0	0	7
ROADMAP 728
277	0	1	9
194	0	0	12
ROADMAP 729
385	0	1	9
263	0	0	5
132	0	0	7
ROADMAP 730
115	0	8	20
197	0	0	5
537	0	0	3
ROADMAP 731
268	0	3	10
47	0	0	13
ROADMAP 732
97	0	17	20
454	0	0	17
ROADMAP 733
40	0	15	20
506	0	0	5
313	0	0	10
ROADMAP 734
561	0	2	3
491	0	0	8
143	0	0	11
ROADMAP 735
300	0	1	5
68	0	0	16
ROADMAP 736
12	0	9	20
35	0	0	9
ROADMAP 737
265	0	0	3
8	0	0	17
ROADMAP 738
400	0	2	3
295	5	0	5
228	5	0	9
ROADMAP 739
102	0	3	20
252	0	0	2
465	0	0	1
ROADMAP 740
209	0	8	20
327	0	0	8
ROADMAP 741
27	0	14	20
100	0	0	14
ROADMAP 742
344	0	1	10
520	0	0	1
538	0	0	4
279	0	0	1
164	0	0	5
ROADMAP 743
237	0	3	16
219	0	0	7
ROADMAP 744
295	0	1	5
228	0	0	16
ROADMAP 745
506	0	3	5
313	0	0	17
9	0	0	1
ROADMAP 746
66	0	2	18
69	0	0	4
ROADMAP 747
3	0	4	20
48	0	0	4
ROADMAP 748
454	0	6	19
561	0	0	3
491	0	0	4
ROADMAP 749
162	0	4	13
126	0	0	11
ROADMAP 750
157	0	1	3
223	0	0	1
113	0	0	17
ROADMAP 751
57	0	1	9
40	0	0	12
ROADMAP 752
123	0	6	10
42	0	0	16
ROADMAP 753
615	0	3	16
398	0	0	7
ROADMAP 754
158	6	0	4
65	6	0	10
ROADMAP 755
111	0	4	20
640	0	0	4
ROADMAP 756
344	0	1	10
520	0	0	1
538	0	0	4
279	0	0	1
164	0	0	5
ROADMAP 757
35	0	7	14
51	0	0	7
185	0	0	6
ROADMAP 758
319	0	8	17
614	0	0	1
487	0	0	10
ROADMAP 759
567	0	2	14
172	0	0	8
ROADMAP 760
37	0	6	20
87	0	0	6
ROADMAP 761
70	0	16	19
24	0	0	17
ROADMAP 762
173	0	0	14
183	0	0	4
198	0	0	2
ROADMAP 763
14	0	3	20
125	0	0	3
ROADMAP 764
172	0	13	20
501	0	0	4
549	0	0	7
421	1	0	1
ROADMAP 765
392	0	18	20
449	0	0	3
353	0	0	13
134	0	0	2
ROADMAP 766
17	0	10	13
3	0	0	17
ROADMAP 767
248	0	3	20
250	0	0	3
ROADMAP 768
124	0	14	20
316	0	0	7
191	0	0	7
ROADMAP 769
19	0	6	20
66	0	0	6
ROADMAP 770
67	0	15	20
514	0	0	9
ROADMAP 771
47	0	5	20
299	0	0	1
424	0	0	3
4	0	0	1
ROADMAP 772
14	0	15	20
125	0	0	8
344	0	0	7
ROADMAP 773
384	0	6	14
ROADMAP 774
551	0	0	8
615	0	0	12
ROADMAP 775
8	0	18	20
99	0	0	18
ROADMAP 776
313	0	6	17
9	0	0	9
ROADMAP 777
64	0	10	20
43	0	0	10
ROADMAP 778
348	0	1	5
159	0	0	4
97	0	0	12
ROADMAP 779
124	0	12	20
316	0	0	7
191	0	0	5
ROADMAP 780
413	0	8	9
140	2	0	17
