102	0	23	1
ROADMAP 1
ROADMAP 2
ROADMAP 3
ROADMAP 4
2	42	0	36
ROADMAP 5
3	21	6	63
ROADMAP 6
ROADMAP 7
5	0	5	21
3	0	6	68
ROADMAP 8
ROADMAP 9
5	27	0	21
3	27	6	36
ROADMAP 10
1	60	0	18
ROADMAP 11
6	0	11	78
ROADMAP 12
10	20	0	58
ROADMAP 13
12	39	0	20
10	39	0	19
ROADMAP 14
ROADMAP 15
1	0	16	78
ROADMAP 16
12	0	9	20
10	0	0	18
10	23	41	60
1	23	0	7
ROADMAP 17
14	0	22	78
ROADMAP 18
14	0	54	78
17	0	0	22
ROADMAP 19
9	9	0	27
5	9	0	21
3	9	6	27
ROADMAP 20
4	26	0	42
2	26	0	10
ROADMAP 21
12	0	8	20
10	0	0	60
1	0	0	6
ROADMAP 22
13	22	0	39
12	22	0	17
ROADMAP 23
8	0	28	78
ROADMAP 24
6	0	27	78
11	0	0	11
ROADMAP 25
2	0	61	78
ROADMAP 26
20	13	0	26
4	13	0	39
ROADMAP 27
22	7	0	22
13	7	0	39
12	7	0	10
ROADMAP 28
14	0	58	78
17	0	0	22
18	0	0	32
ROADMAP 29
6	0	23	78
11	0	0	11
24	0	0	12
ROADMAP 30
22	0	15	22
13	0	0	39
12	0	0	20
10	0	0	12
ROADMAP 31
22	0	14	22
13	0	0	39
12	0	0	20
10	0	0	11
ROADMAP 32
3	12	0	66
ROADMAP 33
20	0	9	26
4	0	0	42
2	0	0	19
ROADMAP 34
10	0	4	60
1	0	0	22
ROADMAP 35
25	0	5	61
6	9	0	13
ROADMAP 36
35	0	4	9
6	0	0	73
ROADMAP 37
26	0	8	13
20	0	0	26
4	0	0	42
2	0	0	5
ROADMAP 38
14	0	49	78
17	0	0	22
18	0	0	27
ROADMAP 39
14	0	11	78
17	0	0	11
ROADMAP 40
4	9	21	42
2	9	0	48
ROADMAP 41
22	0	17	22
13	0	0	39
12	0	0	20
10	0	0	14
ROADMAP 42
8	42	0	36
ROADMAP 43
8	0	72	78
23	0	0	13
27	30	0	7
22	30	0	22
ROADMAP 44
42	0	10	15
42	23	38	42
8	23	0	46
ROADMAP 45
14	0	44	78
17	0	0	22
18	0	0	22
ROADMAP 46
26	11	0	13
20	11	0	26
4	11	0	28
ROADMAP 47
24	15	2	4
19	39	0	9
9	39	0	25
ROADMAP 48
23	0	10	13
43	0	0	30
27	0	0	7
22	0	0	22
13	0	0	16
ROADMAP 49
2	0	13	78
25	0	0	13
ROADMAP 50
8	0	7	78
23	0	0	7
ROADMAP 51
2	0	39	78
25	0	0	39
ROADMAP 52
17	0	19	22
18	0	0	32
28	0	0	4
42	28	0	11
ROADMAP 53
4	0	41	42
2	0	0	75
ROADMAP 54
10	0	52	60
1	0	0	70
ROADMAP 55
6	0	75	78
11	0	0	11
24	0	0	16
47	11	38	39
19	11	0	9
9	11	0	27
ROADMAP 56
2	0	6	78
25	0	0	6
ROADMAP 57
55	0	2	11
47	0	38	39
19	0	0	9
9	0	0	27
5	0	0	21
3	0	6	17
ROADMAP 58
2	0	64	78
25	0	0	61
35	0	0	3
ROADMAP 59
52	0	25	28
42	0	0	42
8	0	0	33
ROADMAP 60
20	0	22	26
4	0	0	42
2	0	0	32
ROADMAP 61
13	0	3	39
12	0	0	20
10	0	0	22
ROADMAP 62
6	0	66	78
11	0	0	11
24	0	0	16
55	0	0	11
47	0	38	39
19	0	0	9
9	0	0	18
ROADMAP 63
52	0	14	28
42	0	0	42
8	0	0	22
ROADMAP 64
22	0	8	22
13	0	0	39
12	0	0	14
ROADMAP 65
15	0	13	16
46	2	0	11
26	2	0	13
20	2	0	26
4	2	0	23
ROADMAP 66
55	0	5	11
47	0	38	39
19	0	0	9
9	0	0	27
5	0	0	21
3	0	6	20
ROADMAP 67
6	0	23	78
11	0	0	11
24	0	0	12
ROADMAP 68
14	0	35	74
17	23	19	22
18	23	0	7
ROADMAP 69
25	0	27	61
35	0	0	9
6	0	0	35
ROADMAP 70
18	0	22	32
28	0	0	4
52	0	0	28
42	0	0	36
ROADMAP 71
12	9	7	20
10	9	0	11
10	32	34	56
ROADMAP 72
25	0	7	61
35	0	0	9
6	0	0	15
ROADMAP 73
26	0	4	13
20	0	0	26
4	0	0	42
2	0	0	1
ROADMAP 74
8	0	73	78
23	0	0	13
43	0	0	30
27	0	0	7
22	0	0	22
13	0	0	1
ROADMAP 75
1	12	68	78
15	12	0	16
65	12	0	2
46	12	0	11
26	12	0	13
20	12	0	14
ROADMAP 76
4	0	18	42
2	0	0	54
ROADMAP 77
12	0	3	20
10	0	0	60
1	0	0	1
ROADMAP 78
43	0	11	30
27	0	0	7
22	0	0	22
13	0	0	30
ROADMAP 79
14	0	34	78
17	0	0	22
18	0	0	12
ROADMAP 80
6	0	77	78
11	0	0	11
24	0	0	16
55	0	0	11
47	0	38	39
19	0	0	9
9	0	0	27
5	0	0	2
ROADMAP 81
2	0	34	78
25	0	0	34
ROADMAP 82
10	0	24	60
1	0	0	42
ROADMAP 83
46	0	4	11
26	0	0	13
20	0	0	26
4	0	0	32
ROADMAP 84
1	0	34	78
15	0	0	16
65	0	0	2
46	0	0	11
26	0	0	5
ROADMAP 85
12	8	11	20
10	8	0	60
1	8	0	1
ROADMAP 86
8	0	59	78
23	0	0	13
43	0	0	30
27	0	0	7
22	0	0	9
ROADMAP 87
14	0	62	78
17	0	0	22
18	0	0	32
28	0	0	4
52	0	0	4
ROADMAP 88
9	0	9	13
5	23	9	21
3	23	6	45
ROADMAP 89
22	0	16	22
13	0	0	39
12	0	0	20
10	0	0	13
ROADMAP 90
8	0	5	78
23	0	0	5
ROADMAP 91
22	0	7	22
13	0	0	39
12	0	0	20
10	0	0	4
ROADMAP 92
10	0	27	60
1	0	0	45
ROADMAP 93
17	0	1	22
18	0	0	32
28	0	0	4
52	0	0	21
ROADMAP 94
14	0	60	78
17	0	0	22
18	0	0	32
28	0	0	4
52	0	0	2
ROADMAP 95
25	0	8	61
35	0	0	9
6	0	0	16
ROADMAP 96
8	0	77	78
23	0	0	13
43	0	0	30
27	0	0	7
22	0	0	22
13	0	0	5
ROADMAP 97
14	0	19	78
17	0	0	19
ROADMAP 98
18	16	12	32
28	16	0	4
52	16	0	28
42	16	0	10
ROADMAP 99
1	0	60	78
15	0	0	16
65	0	0	2
46	0	0	11
26	0	0	13
20	0	0	18
ROADMAP 100
4	0	14	42
2	0	0	50
ROADMAP 101
20	0	6	26
4	0	0	42
2	0	0	16
ROADMAP 102
5	0	0	21
3	0	6	63
