ID	lgth	out	in	long_cov	short1_cov	short1_Ocov	short2_cov	short2_Ocov	long_nb	short1_nb	short2_nb
1	65	1	1	0.000000	17.153846	16.600000	0.000000	0.000000	0	0	0
2	447	1	2	0.000000	6.496644	6.496644	0.000000	0.000000	0	0	0
3	673	1	1	0.000000	15.062407	13.744428	0.000000	0.000000	0	0	0
4	141	2	2	0.000000	10.680851	10.680851	0.000000	0.000000	0	0	0
5	29	1	1	0.000000	9.275862	7.896552	0.000000	0.000000	0	0	0
6	81	1	2	0.000000	15.530864	15.456790	0.000000	0.000000	0	0	0
7	19	3	2	0.000000	18.947368	10.578947	0.000000	0.000000	0	0	0
8	29	1	1	0.000000	3.379310	3.379310	0.000000	0.000000	0	0	0
9	43	2	1	0.000000	10.093023	9.186047	0.000000	0.000000	0	0	0
10	19	2	1	0.000000	19.421053	18.263158	0.000000	0.000000	0	0	0
11	10	1	1	0.000000	17.600000	17.600000	0.000000	0.000000	0	0	0
12	30	1	2	0.000000	19.100000	19.100000	0.000000	0.000000	0	0	0
13	164	2	2	0.000000	13.914634	13.914634	0.000000	0.000000	0	0	0
14	515	1	2	0.000000	12.924272	12.633010	0.000000	0.000000	0	0	0
15	2	2	2	0.000000	15.500000	14.500000	0.000000	0.000000	0	0	0
16	430	1	0	0.000000	16.341860	15.611628	0.000000	0.000000	0	0	0
17	1	3	1	0.000000	10.000000	5.000000	0.000000	0.000000	0	0	0
18	17	3	1	0.000000	5.176471	4.941176	0.000000	0.000000	0	0	0
19	12	1	1	0.000000	4.000000	4.000000	0.000000	0.000000	0	0	0
20	9	2	2	0.000000	19.666667	19.444444	0.000000	0.000000	0	0	0
21	8	1	1	0.000000	10.000000	9.000000	0.000000	0.000000	0	0	0
22	3	2	4	0.000000	16.666667	15.666667	0.000000	0.000000	0	0	0
23	12	2	1	0.000000	15.416667	14.416667	0.000000	0.000000	0	0	0
24	6	2	1	0.000000	15.833333	15.166667	0.000000	0.000000	0	0	0
25	4	2	1	0.000000	12.750000	12.750000	0.000000	0.000000	0	0	0
26	17	2	1	0.000000	10.411765	10.411765	0.000000	0.000000	0	0	0
27	1	1	2	0.000000	36.000000	36.000000	0.000000	0.000000	0	0	0
28	1	3	2	0.000000	44.000000	44.000000	0.000000	0.000000	0	0	0
29	2	2	1	0.000000	24.500000	24.500000	0.000000	0.000000	0	0	0
30	2	2	1	0.000000	24.000000	24.000000	0.000000	0.000000	0	0	0
31	6	1	1	0.000000	9.000000	9.000000	0.000000	0.000000	0	0	0
32	17	1	2	0.000000	14.235294	13.705882	0.000000	0.000000	0	0	0
33	9	1	2	0.000000	11.777778	6.666667	0.000000	0.000000	0	0	0
34	1	1	2	0.000000	10.000000	10.000000	0.000000	0.000000	0	0	0
35	99	1	2	0.000000	5.202020	5.202020	0.000000	0.000000	0	0	0
36	413	2	0	0.000000	5.358354	5.358354	0.000000	0.000000	0	0	0
37	10	2	1	0.000000	10.900000	10.900000	0.000000	0.000000	0	0	0
38	14	1	1	0.000000	9.642857	9.642857	0.000000	0.000000	0	0	0
39	10	2	2	0.000000	25.800000	7.900000	0.000000	0.000000	0	0	0
40	1	2	2	0.000000	25.000000	23.000000	0.000000	0.000000	0	0	0
41	3	1	1	0.000000	16.000000	14.000000	0.000000	0.000000	0	0	0
42	2	1	2	0.000000	17.000000	15.000000	0.000000	0.000000	0	0	0
43	2	2	2	0.000000	17.000000	15.000000	0.000000	0.000000	0	0	0
44	5	1	1	0.000000	9.400000	8.400000	0.000000	0.000000	0	0	0
45	34	1	2	0.000000	7.323529	6.852941	0.000000	0.000000	0	0	0
46	360	1	2	0.000000	13.111111	12.511111	0.000000	0.000000	0	0	0
47	697	2	2	0.000000	13.103300	12.183644	0.000000	0.000000	0	0	0
48	51	1	1	0.000000	10.647059	10.647059	0.000000	0.000000	0	0	0
49	113	2	2	0.000000	14.424779	14.079646	0.000000	0.000000	0	0	0
50	45	2	1	0.000000	20.466667	19.022222	0.000000	0.000000	0	0	0
51	65	1	0	0.000000	1.000000	1.000000	0.000000	0.000000	0	0	0
52	2	1	2	0.000000	2.000000	2.000000	0.000000	0.000000	0	0	0
53	3	1	2	0.000000	4.000000	4.000000	0.000000	0.000000	0	0	0
54	32	1	2	0.000000	10.468750	10.468750	0.000000	0.000000	0	0	0
55	1474	1	2	0.000000	13.183853	12.755767	0.000000	0.000000	0	0	0
56	74	1	2	0.000000	12.770270	12.324324	0.000000	0.000000	0	0	0
57	31	2	2	0.000000	16.032258	16.032258	0.000000	0.000000	0	0	0
58	6	1	1	0.000000	10.500000	10.500000	0.000000	0.000000	0	0	0
59	23	1	2	0.000000	10.478261	10.478261	0.000000	0.000000	0	0	0
60	309	2	2	0.000000	16.540453	15.750809	0.000000	0.000000	0	0	0
61	29	1	1	0.000000	25.586207	18.793103	0.000000	0.000000	0	0	0
62	126	2	2	0.000000	15.515873	15.515873	0.000000	0.000000	0	0	0
63	71	1	0	0.000000	1.000000	1.000000	0.000000	0.000000	0	0	0
64	25	1	2	0.000000	8.560000	8.560000	0.000000	0.000000	0	0	0
65	549	1	2	0.000000	14.530055	13.801457	0.000000	0.000000	0	0	0
66	134	0	2	0.000000	4.208955	4.208955	0.000000	0.000000	0	0	0
67	14	2	1	0.000000	12.071429	11.000000	0.000000	0.000000	0	0	0
68	15	1	1	0.000000	14.266667	14.266667	0.000000	0.000000	0	0	0
69	1158	0	2	0.000000	13.211572	12.822107	0.000000	0.000000	0	0	0
70	15	1	2	0.000000	12.866667	8.666667	0.000000	0.000000	0	0	0
71	14	1	1	0.000000	10.642857	4.928571	0.000000	0.000000	0	0	0
72	28	1	2	0.000000	18.357143	17.321429	0.000000	0.000000	0	0	0
73	32	2	1	0.000000	10.187500	9.281250	0.000000	0.000000	0	0	0
74	6	2	1	0.000000	10.333333	10.333333	0.000000	0.000000	0	0	0
75	5	1	1	0.000000	7.000000	7.000000	0.000000	0.000000	0	0	0
76	1	2	2	0.000000	24.000000	24.000000	0.000000	0.000000	0	0	0
77	3	2	1	0.000000	17.666667	17.666667	0.000000	0.000000	0	0	0
78	8	2	2	0.000000	12.500000	12.500000	0.000000	0.000000	0	0	0
79	12	1	1	0.000000	7.250000	7.250000	0.000000	0.000000	0	0	0
80	3	2	2	0.000000	17.000000	16.000000	0.000000	0.000000	0	0	0
81	27	1	1	0.000000	7.703704	7.703704	0.000000	0.000000	0	0	0
82	67	1	0	0.000000	1.000000	1.000000	0.000000	0.000000	0	0	0
83	1	1	2	0.000000	4.000000	4.000000	0.000000	0.000000	0	0	0
84	4	1	2	0.000000	9.000000	8.750000	0.000000	0.000000	0	0	0
85	96	2	1	0.000000	9.104167	9.031250	0.000000	0.000000	0	0	0
86	29	1	1	0.000000	15.862069	15.862069	0.000000	0.000000	0	0	0
87	69	2	2	0.000000	14.652174	13.768116	0.000000	0.000000	0	0	0
88	29	1	1	0.000000	15.172414	13.965517	0.000000	0.000000	0	0	0
89	69	1	2	0.000000	14.333333	14.333333	0.000000	0.000000	0	0	0
90	6	1	2	0.000000	20.166667	19.166667	0.000000	0.000000	0	0	0
91	2	4	2	0.000000	19.500000	18.000000	0.000000	0.000000	0	0	0
92	3	1	1	0.000000	10.666667	10.333333	0.000000	0.000000	0	0	0
93	1	1	2	0.000000	15.000000	15.000000	0.000000	0.000000	0	0	0
94	5	2	2	0.000000	70.800000	66.200000	0.000000	0.000000	0	0	0
95	1	3	2	0.000000	73.000000	55.000000	0.000000	0.000000	0	0	0
96	4	1	1	0.000000	51.750000	51.750000	0.000000	0.000000	0	0	0
97	6	1	1	0.000000	13.666667	12.666667	0.000000	0.000000	0	0	0
98	4	1	3	0.000000	64.500000	47.500000	0.000000	0.000000	0	0	0
99	5	1	2	0.000000	67.800000	51.800000	0.000000	0.000000	0	0	0
100	2	2	1	0.000000	51.500000	41.500000	0.000000	0.000000	0	0	0
101	2	2	1	0.000000	19.500000	16.500000	0.000000	0.000000	0	0	0
102	96	1	1	0.000000	12.625000	12.322917	0.000000	0.000000	0	0	0
103	29	1	2	0.000000	16.517241	16.344828	0.000000	0.000000	0	0	0
104	88	1	2	0.000000	21.500000	20.829545	0.000000	0.000000	0	0	0
105	93	0	2	0.000000	12.473118	12.161290	0.000000	0.000000	0	0	0
106	1382	0	2	0.000000	10.553546	10.214906	0.000000	0.000000	0	0	0
107	544	1	2	0.000000	18.970588	18.345588	0.000000	0.000000	0	0	0
108	51	2	2	0.000000	15.235294	8.000000	0.000000	0.000000	0	0	0
109	83	2	2	0.000000	19.216867	18.192771	0.000000	0.000000	0	0	0
110	29	1	1	0.000000	23.206897	5.965517	0.000000	0.000000	0	0	0
111	8	2	2	0.000000	13.875000	8.000000	0.000000	0.000000	0	0	0
112	1	2	2	0.000000	19.000000	19.000000	0.000000	0.000000	0	0	0
113	7	1	1	0.000000	18.000000	18.000000	0.000000	0.000000	0	0	0
114	1	1	2	0.000000	66.000000	50.000000	0.000000	0.000000	0	0	0
115	1	2	2	0.000000	75.000000	59.000000	0.000000	0.000000	0	0	0
116	2	1	1	0.000000	64.500000	48.500000	0.000000	0.000000	0	0	0
117	6	2	3	0.000000	68.666667	51.666667	0.000000	0.000000	0	0	0
118	4	2	1	0.000000	66.500000	49.500000	0.000000	0.000000	0	0	0
119	4	3	1	0.000000	56.250000	39.250000	0.000000	0.000000	0	0	0
120	108	2	0	0.000000	4.574074	4.305556	0.000000	0.000000	0	0	0
121	68	2	0	0.000000	1.058824	1.058824	0.000000	0.000000	0	0	0
122	2	1	1	0.000000	1.000000	1.000000	0.000000	0.000000	0	0	0
123	2	1	2	0.000000	2.000000	2.000000	0.000000	0.000000	0	0	0
124	73	1	2	0.000000	10.013699	9.630137	0.000000	0.000000	0	0	0
125	48	1	1	0.000000	1.812500	1.812500	0.000000	0.000000	0	0	0
126	86	1	2	0.000000	13.465116	13.465116	0.000000	0.000000	0	0	0
127	64	1	2	0.000000	17.968750	17.531250	0.000000	0.000000	0	0	0
128	103	1	2	0.000000	12.757282	10.330097	0.000000	0.000000	0	0	0
129	48	1	1	0.000000	1.270833	1.270833	0.000000	0.000000	0	0	0
130	63	1	0	0.000000	1.015873	1.015873	0.000000	0.000000	0	0	0
131	1	1	2	0.000000	5.000000	5.000000	0.000000	0.000000	0	0	0
132	787	1	2	0.000000	16.044473	15.444727	0.000000	0.000000	0	0	0
133	365	1	2	0.000000	15.391781	13.035616	0.000000	0.000000	0	0	0
134	165	2	2	0.000000	11.339394	10.757576	0.000000	0.000000	0	0	0
135	29	1	1	0.000000	13.103448	13.103448	0.000000	0.000000	0	0	0
136	176	2	2	0.000000	13.022727	12.693182	0.000000	0.000000	0	0	0
137	11	2	2	0.000000	29.000000	21.818182	0.000000	0.000000	0	0	0
138	4	1	1	0.000000	26.250000	26.250000	0.000000	0.000000	0	0	0
139	2	1	1	0.000000	2.500000	2.500000	0.000000	0.000000	0	0	0
140	1	2	3	0.000000	7.000000	7.000000	0.000000	0.000000	0	0	0
141	3	1	2	0.000000	4.000000	4.000000	0.000000	0.000000	0	0	0
142	10	1	1	0.000000	4.100000	4.100000	0.000000	0.000000	0	0	0
143	1119	2	2	0.000000	13.253798	12.763181	0.000000	0.000000	0	0	0
144	1	1	2	0.000000	9.000000	6.000000	0.000000	0.000000	0	0	0
145	269	2	2	0.000000	14.933086	14.579926	0.000000	0.000000	0	0	0
146	13	2	1	0.000000	17.230769	17.230769	0.000000	0.000000	0	0	0
147	40	1	1	0.000000	11.650000	11.650000	0.000000	0.000000	0	0	0
148	11	2	2	0.000000	12.909091	11.909091	0.000000	0.000000	0	0	0
149	23	1	1	0.000000	1.000000	1.000000	0.000000	0.000000	0	0	0
150	1	2	2	0.000000	2.000000	2.000000	0.000000	0.000000	0	0	0
151	5	1	1	0.000000	1.000000	1.000000	0.000000	0.000000	0	0	0
152	75	1	2	0.000000	14.080000	13.826667	0.000000	0.000000	0	0	0
153	24	1	2	0.000000	8.541667	8.541667	0.000000	0.000000	0	0	0
154	8	1	1	0.000000	1.000000	1.000000	0.000000	0.000000	0	0	0
155	19	2	2	0.000000	6.789474	6.789474	0.000000	0.000000	0	0	0
156	29	1	1	0.000000	6.310345	5.551724	0.000000	0.000000	0	0	0
157	237	2	0	0.000000	14.459916	13.839662	0.000000	0.000000	0	0	0
158	376	2	2	0.000000	16.750000	16.138298	0.000000	0.000000	0	0	0
159	24	2	1	0.000000	17.958333	17.333333	0.000000	0.000000	0	0	0
160	6	1	1	0.000000	1.333333	1.333333	0.000000	0.000000	0	0	0
161	4	1	2	0.000000	5.000000	5.000000	0.000000	0.000000	0	0	0
162	90	2	1	0.000000	12.966667	12.000000	0.000000	0.000000	0	0	0
163	21	2	1	0.000000	5.000000	5.000000	0.000000	0.000000	0	0	0
164	29	1	1	0.000000	6.172414	6.172414	0.000000	0.000000	0	0	0
165	46	1	2	0.000000	8.695652	8.695652	0.000000	0.000000	0	0	0
166	60	0	2	0.000000	9.200000	9.200000	0.000000	0.000000	0	0	0
167	23	1	2	0.000000	16.260870	15.434783	0.000000	0.000000	0	0	0
168	104	0	0	0.000000	3.375000	3.375000	0.000000	0.000000	0	0	0
169	32	2	2	0.000000	14.000000	13.093750	0.000000	0.000000	0	0	0
170	66	2	0	0.000000	1.060606	1.060606	0.000000	0.000000	0	0	0
171	1	2	3	0.000000	8.000000	8.000000	0.000000	0.000000	0	0	0
172	1	2	2	0.000000	7.000000	7.000000	0.000000	0.000000	0	0	0
173	75	1	1	0.000000	10.640000	10.306667	0.000000	0.000000	0	0	0
174	1	2	2	0.000000	13.000000	13.000000	0.000000	0.000000	0	0	0
175	29	2	2	0.000000	11.551724	10.241379	0.000000	0.000000	0	0	0
176	29	1	1	0.000000	9.827586	9.827586	0.000000	0.000000	0	0	0
177	1	1	1	0.000000	25.000000	17.000000	0.000000	0.000000	0	0	0
178	7	1	2	0.000000	8.285714	8.285714	0.000000	0.000000	0	0	0
179	14	1	2	0.000000	11.000000	11.000000	0.000000	0.000000	0	0	0
180	49	1	1	0.000000	19.224490	16.591837	0.000000	0.000000	0	0	0
181	16	2	1	0.000000	17.625000	1.000000	0.000000	0.000000	0	0	0
182	22	2	1	0.000000	14.045455	3.909091	0.000000	0.000000	0	0	0
183	7	1	1	0.000000	7.714286	5.857143	0.000000	0.000000	0	0	0
184	67	1	0	0.000000	1.000000	1.000000	0.000000	0.000000	0	0	0
185	41	1	2	0.000000	10.512195	9.707317	0.000000	0.000000	0	0	0
186	149	0	2	0.000000	13.248322	12.550336	0.000000	0.000000	0	0	0
187	4	1	2	0.000000	29.500000	17.000000	0.000000	0.000000	0	0	0
188	1	2	2	0.000000	18.000000	18.000000	0.000000	0.000000	0	0	0
189	112	1	2	0.000000	15.633929	14.419643	0.000000	0.000000	0	0	0
190	236	2	2	0.000000	13.118644	12.635593	0.000000	0.000000	0	0	0
191	29	1	1	0.000000	14.310345	14.310345	0.000000	0.000000	0	0	0
192	162	2	0	0.000000	6.907407	6.907407	0.000000	0.000000	0	0	0
193	160	1	1	0.000000	9.900000	9.381250	0.000000	0.000000	0	0	0
194	10	1	1	0.000000	10.900000	10.900000	0.000000	0.000000	0	0	0
195	3	2	2	0.000000	11.333333	11.333333	0.000000	0.000000	0	0	0
196	10	2	1	0.000000	8.000000	8.000000	0.000000	0.000000	0	0	0
197	19	1	1	0.000000	2.894737	2.894737	0.000000	0.000000	0	0	0
198	776	1	2	0.000000	15.779639	15.396907	0.000000	0.000000	0	0	0
199	29	1	1	0.000000	1.000000	1.000000	0.000000	0.000000	0	0	0
200	59	1	0	0.000000	1.000000	1.000000	0.000000	0.000000	0	0	0
201	1	1	2	0.000000	20.000000	20.000000	0.000000	0.000000	0	0	0
202	4	2	2	0.000000	38.500000	37.500000	0.000000	0.000000	0	0	0
203	7	2	1	0.000000	25.000000	24.000000	0.000000	0.000000	0	0	0
204	60	1	0	0.000000	1.050000	1.050000	0.000000	0.000000	0	0	0
205	19	1	1	0.000000	16.157895	16.157895	0.000000	0.000000	0	0	0
206	18	1	2	0.000000	18.944444	18.944444	0.000000	0.000000	0	0	0
207	29	1	1	0.000000	14.620690	13.862069	0.000000	0.000000	0	0	0
208	171	2	1	0.000000	9.970760	9.801170	0.000000	0.000000	0	0	0
209	58	1	1	0.000000	1.482759	1.482759	0.000000	0.000000	0	0	0
210	1	2	1	0.000000	16.000000	16.000000	0.000000	0.000000	0	0	0
211	45	1	1	0.000000	12.422222	11.488889	0.000000	0.000000	0	0	0
212	8	1	2	0.000000	15.625000	15.625000	0.000000	0.000000	0	0	0
213	7	1	1	0.000000	10.714286	10.714286	0.000000	0.000000	0	0	0
214	3	2	2	0.000000	10.000000	10.000000	0.000000	0.000000	0	0	0
215	8	1	1	0.000000	8.000000	8.000000	0.000000	0.000000	0	0	0
216	1	1	2	0.000000	15.000000	15.000000	0.000000	0.000000	0	0	0
217	6	1	2	0.000000	15.500000	15.500000	0.000000	0.000000	0	0	0
218	49	2	2	0.000000	12.326531	10.000000	0.000000	0.000000	0	0	0
219	12	1	1	0.000000	1.000000	1.000000	0.000000	0.000000	0	0	0
220	64	1	0	0.000000	1.000000	1.000000	0.000000	0.000000	0	0	0
221	30	2	1	0.000000	13.800000	13.333333	0.000000	0.000000	0	0	0
222	24	1	3	0.000000	17.625000	17.458333	0.000000	0.000000	0	0	0
223	56	1	1	0.000000	1.107143	1.107143	0.000000	0.000000	0	0	0
224	56	1	1	0.000000	7.571429	7.571429	0.000000	0.000000	0	0	0
225	120	1	2	0.000000	14.000000	13.383333	0.000000	0.000000	0	0	0
226	133	0	2	0.000000	7.977444	7.977444	0.000000	0.000000	0	0	0
227	135	1	1	0.000000	4.666667	4.422222	0.000000	0.000000	0	0	0
228	77	1	0	0.000000	1.116883	1.116883	0.000000	0.000000	0	0	0
229	1	1	3	0.000000	12.000000	12.000000	0.000000	0.000000	0	0	0
230	23	1	1	0.000000	9.826087	9.043478	0.000000	0.000000	0	0	0
231	5	1	1	0.000000	7.600000	7.600000	0.000000	0.000000	0	0	0
232	60	1	0	0.000000	1.000000	1.000000	0.000000	0.000000	0	0	0
233	599	0	2	0.000000	8.597663	8.404007	0.000000	0.000000	0	0	0
234	230	1	3	0.000000	15.904348	15.052174	0.000000	0.000000	0	0	0
235	53	1	2	0.000000	10.886792	8.660377	0.000000	0.000000	0	0	0
236	63	2	2	0.000000	11.650794	11.650794	0.000000	0.000000	0	0	0
237	61	1	0	0.000000	1.000000	1.000000	0.000000	0.000000	0	0	0
238	7	2	2	0.000000	1.857143	1.857143	0.000000	0.000000	0	0	0
239	29	1	1	0.000000	2.206897	2.206897	0.000000	0.000000	0	0	0
240	1	1	2	0.000000	7.000000	7.000000	0.000000	0.000000	0	0	0
241	1	2	2	0.000000	9.000000	9.000000	0.000000	0.000000	0	0	0
242	146	1	2	0.000000	7.232877	7.034247	0.000000	0.000000	0	0	0
243	16	2	1	0.000000	9.750000	9.437500	0.000000	0.000000	0	0	0
244	9	1	1	0.000000	9.111111	7.777778	0.000000	0.000000	0	0	0
245	43	1	1	0.000000	1.023256	1.023256	0.000000	0.000000	0	0	0
246	237	1	1	0.000000	13.388186	11.894515	0.000000	0.000000	0	0	0
247	4	2	1	0.000000	18.500000	18.500000	0.000000	0.000000	0	0	0
248	16	1	1	0.000000	14.812500	14.812500	0.000000	0.000000	0	0	0
249	4	1	1	0.000000	12.500000	12.500000	0.000000	0.000000	0	0	0
250	66	1	0	0.000000	1.121212	1.121212	0.000000	0.000000	0	0	0
251	10	1	2	0.000000	3.400000	3.400000	0.000000	0.000000	0	0	0
252	11	2	2	0.000000	3.000000	3.000000	0.000000	0.000000	0	0	0
253	29	1	1	0.000000	1.000000	1.000000	0.000000	0.000000	0	0	0
254	59	1	1	0.000000	1.016949	1.016949	0.000000	0.000000	0	0	0
255	58	1	0	0.000000	1.000000	1.000000	0.000000	0.000000	0	0	0
256	188	2	0	0.000000	11.106383	10.643617	0.000000	0.000000	0	0	0
257	24	2	1	0.000000	12.625000	12.625000	0.000000	0.000000	0	0	0
258	5	1	1	0.000000	8.400000	8.400000	0.000000	0.000000	0	0	0
259	208	2	0	0.000000	4.052885	3.706731	0.000000	0.000000	0	0	0
260	14	1	2	0.000000	11.142857	11.142857	0.000000	0.000000	0	0	0
261	29	1	1	0.000000	8.034483	8.034483	0.000000	0.000000	0	0	0
262	1	1	2	0.000000	14.000000	6.000000	0.000000	0.000000	0	0	0
263	29	1	1	0.000000	11.551724	11.172414	0.000000	0.000000	0	0	0
264	464	2	0	0.000000	8.872845	8.685345	0.000000	0.000000	0	0	0
265	54	2	2	0.000000	7.444444	4.259259	0.000000	0.000000	0	0	0
266	29	1	1	0.000000	1.275862	1.275862	0.000000	0.000000	0	0	0
267	7	2	3	0.000000	20.857143	19.857143	0.000000	0.000000	0	0	0
268	2	1	1	0.000000	19.000000	18.000000	0.000000	0.000000	0	0	0
269	1	1	1	0.000000	10.000000	10.000000	0.000000	0.000000	0	0	0
270	3	1	2	0.000000	11.000000	11.000000	0.000000	0.000000	0	0	0
271	8	1	2	0.000000	13.250000	13.250000	0.000000	0.000000	0	0	0
272	8	1	1	0.000000	9.500000	9.500000	0.000000	0.000000	0	0	0
273	68	1	0	0.000000	1.352941	1.352941	0.000000	0.000000	0	0	0
274	1	1	2	0.000000	6.000000	6.000000	0.000000	0.000000	0	0	0
275	3	2	2	0.000000	16.666667	15.666667	0.000000	0.000000	0	0	0
276	68	1	1	0.000000	6.602941	6.602941	0.000000	0.000000	0	0	0
277	154	0	1	0.000000	5.370130	5.162338	0.000000	0.000000	0	0	0
278	29	1	1	0.000000	15.862069	15.862069	0.000000	0.000000	0	0	0
279	55	1	1	0.000000	15.600000	14.854545	0.000000	0.000000	0	0	0
280	33	1	2	0.000000	10.484848	9.969697	0.000000	0.000000	0	0	0
281	2	1	1	0.000000	1.000000	1.000000	0.000000	0.000000	0	0	0
282	2	1	2	0.000000	3.000000	3.000000	0.000000	0.000000	0	0	0
283	37	1	2	0.000000	1.864865	1.864865	0.000000	0.000000	0	0	0
284	82	1	2	0.000000	8.817073	8.463415	0.000000	0.000000	0	0	0
285	5	1	1	0.000000	15.400000	15.400000	0.000000	0.000000	0	0	0
286	69	1	0	0.000000	1.043478	1.043478	0.000000	0.000000	0	0	0
287	4	1	2	0.000000	18.750000	17.750000	0.000000	0.000000	0	0	0
288	73	1	1	0.000000	10.684932	7.575342	0.000000	0.000000	0	0	0
289	16	1	1	0.000000	18.375000	7.000000	0.000000	0.000000	0	0	0
290	9	2	2	0.000000	7.111111	7.111111	0.000000	0.000000	0	0	0
291	72	1	0	0.000000	1.013889	1.013889	0.000000	0.000000	0	0	0
292	1	1	2	0.000000	3.000000	3.000000	0.000000	0.000000	0	0	0
293	1	1	2	0.000000	4.000000	4.000000	0.000000	0.000000	0	0	0
294	29	1	1	0.000000	10.482759	10.482759	0.000000	0.000000	0	0	0
295	49	1	1	0.000000	1.000000	1.000000	0.000000	0.000000	0	0	0
296	3	1	2	0.000000	1.333333	1.333333	0.000000	0.000000	0	0	0
297	1	1	1	0.000000	1.000000	1.000000	0.000000	0.000000	0	0	0
298	4	1	1	0.000000	5.000000	5.000000	0.000000	0.000000	0	0	0
299	12	1	1	0.000000	5.250000	4.250000	0.000000	0.000000	0	0	0
300	10	1	1	0.000000	7.000000	2.000000	0.000000	0.000000	0	0	0
301	2	1	2	0.000000	9.000000	4.000000	0.000000	0.000000	0	0	0
302	65	1	0	0.000000	1.000000	1.000000	0.000000	0.000000	0	0	0
303	68	1	0	0.000000	1.000000	1.000000	0.000000	0.000000	0	0	0
304	2	2	2	0.000000	20.000000	20.000000	0.000000	0.000000	0	0	0
305	2	1	1	0.000000	14.500000	14.500000	0.000000	0.000000	0	0	0
306	50	1	1	0.000000	1.860000	1.860000	0.000000	0.000000	0	0	0
307	43	1	2	0.000000	13.116279	12.372093	0.000000	0.000000	0	0	0
308	6	1	2	0.000000	6.500000	1.166667	0.000000	0.000000	0	0	0
309	1	2	2	0.000000	6.000000	6.000000	0.000000	0.000000	0	0	0
310	29	1	1	0.000000	1.000000	1.000000	0.000000	0.000000	0	0	0
311	60	1	1	0.000000	1.000000	1.000000	0.000000	0.000000	0	0	0
312	53	1	1	0.000000	1.000000	1.000000	0.000000	0.000000	0	0	0
313	14	1	1	0.000000	1.000000	1.000000	0.000000	0.000000	0	0	0
314	25	1	1	0.000000	1.000000	1.000000	0.000000	0.000000	0	0	0
315	12	1	2	0.000000	2.000000	2.000000	0.000000	0.000000	0	0	0
316	16	1	2	0.000000	1.250000	1.250000	0.000000	0.000000	0	0	0
317	62	0	1	0.000000	4.596774	4.596774	0.000000	0.000000	0	0	0
318	21	2	2	0.000000	2.428571	2.142857	0.000000	0.000000	0	0	0
319	29	1	1	0.000000	1.000000	1.000000	0.000000	0.000000	0	0	0
320	10	2	2	0.000000	2.800000	2.800000	0.000000	0.000000	0	0	0
321	62	1	0	0.000000	1.000000	1.000000	0.000000	0.000000	0	0	0
322	64	1	0	0.000000	1.000000	1.000000	0.000000	0.000000	0	0	0
323	4	2	2	0.000000	2.250000	2.250000	0.000000	0.000000	0	0	0
324	2	1	1	0.000000	1.500000	1.500000	0.000000	0.000000	0	0	0
325	64	1	0	0.000000	1.000000	1.000000	0.000000	0.000000	0	0	0
326	6	1	1	0.000000	1.333333	1.333333	0.000000	0.000000	0	0	0
327	29	1	1	0.000000	2.000000	1.241379	0.000000	0.000000	0	0	0
328	29	1	1	0.000000	1.000000	1.000000	0.000000	0.000000	0	0	0
329	61	1	0	0.000000	1.032787	1.032787	0.000000	0.000000	0	0	0
330	7	1	2	0.000000	8.857143	8.857143	0.000000	0.000000	0	0	0
331	29	1	1	0.000000	1.000000	1.000000	0.000000	0.000000	0	0	0
332	60	1	0	0.000000	1.000000	1.000000	0.000000	0.000000	0	0	0
333	88	1	0	0.000000	1.909091	1.909091	0.000000	0.000000	0	0	0
334	8	1	1	0.000000	7.000000	7.000000	0.000000	0.000000	0	0	0
335	4	2	2	0.000000	15.000000	15.000000	0.000000	0.000000	0	0	0
336	3	2	1	0.000000	13.333333	13.333333	0.000000	0.000000	0	0	0
337	7	1	1	0.000000	5.714286	5.714286	0.000000	0.000000	0	0	0
338	59	1	0	0.000000	1.000000	1.000000	0.000000	0.000000	0	0	0
339	29	1	1	0.000000	1.000000	1.000000	0.000000	0.000000	0	0	0
340	2	2	2	0.000000	9.000000	4.500000	0.000000	0.000000	0	0	0
341	5	1	1	0.000000	1.000000	1.000000	0.000000	0.000000	0	0	0
342	8	1	1	0.000000	2.125000	2.125000	0.000000	0.000000	0	0	0
343	68	1	0	0.000000	1.000000	1.000000	0.000000	0.000000	0	0	0
344	29	1	1	0.000000	1.000000	1.000000	0.000000	0.000000	0	0	0
345	29	1	1	0.000000	1.068966	1.068966	0.000000	0.000000	0	0	0
346	75	1	0	0.000000	1.066667	1.066667	0.000000	0.000000	0	0	0
347	5	1	2	0.000000	2.000000	2.000000	0.000000	0.000000	0	0	0
348	1	1	2	0.000000	4.000000	4.000000	0.000000	0.000000	0	0	0
349	2	1	2	0.000000	5.000000	5.000000	0.000000	0.000000	0	0	0
350	298	1	2	0.000000	12.640940	12.010067	0.000000	0.000000	0	0	0
351	2	1	1	0.000000	1.500000	1.500000	0.000000	0.000000	0	0	0
352	2	1	2	0.000000	3.000000	3.000000	0.000000	0.000000	0	0	0
353	7	1	1	0.000000	5.000000	5.000000	0.000000	0.000000	0	0	0
354	15	1	2	0.000000	7.466667	3.200000	0.000000	0.000000	0	0	0
355	29	1	1	0.000000	1.000000	1.000000	0.000000	0.000000	0	0	0
356	25	2	1	0.000000	1.080000	1.080000	0.000000	0.000000	0	0	0
357	4	1	1	0.000000	1.000000	1.000000	0.000000	0.000000	0	0	0
358	67	1	0	0.000000	1.253731	1.253731	0.000000	0.000000	0	0	0
359	66	1	0	0.000000	1.000000	1.000000	0.000000	0.000000	0	0	0
360	774	1	2	0.000000	10.822997	10.366925	0.000000	0.000000	0	0	0
361	64	0	0	0.000000	1.000000	1.000000	0.000000	0.000000	0	0	0
362	29	1	1	0.000000	1.000000	1.000000	0.000000	0.000000	0	0	0
363	60	1	0	0.000000	1.000000	1.000000	0.000000	0.000000	0	0	0
364	29	1	1	0.000000	1.000000	1.000000	0.000000	0.000000	0	0	0
365	70	1	0	0.000000	1.000000	1.000000	0.000000	0.000000	0	0	0
366	29	1	1	0.000000	1.000000	1.000000	0.000000	0.000000	0	0	0
367	29	1	1	0.000000	1.000000	1.000000	0.000000	0.000000	0	0	0
368	64	1	0	0.000000	1.000000	1.000000	0.000000	0.000000	0	0	0
369	15	1	1	0.000000	1.000000	1.000000	0.000000	0.000000	0	0	0
370	4	1	1	0.000000	4.000000	4.000000	0.000000	0.000000	0	0	0
371	3	1	2	0.000000	5.333333	5.333333	0.000000	0.000000	0	0	0
372	12	1	1	0.000000	1.333333	1.333333	0.000000	0.000000	0	0	0
373	23	1	1	0.000000	1.478261	1.478261	0.000000	0.000000	0	0	0
374	65	1	1	0.000000	1.000000	1.000000	0.000000	0.000000	0	0	0
375	45	1	1	0.000000	1.000000	1.000000	0.000000	0.000000	0	0	0
376	29	1	1	0.000000	1.034483	1.034483	0.000000	0.000000	0	0	0
377	10	1	1	0.000000	1.000000	1.000000	0.000000	0.000000	0	0	0
378	29	1	1	0.000000	1.000000	1.000000	0.000000	0.000000	0	0	0
379	55	1	1	0.000000	1.000000	1.000000	0.000000	0.000000	0	0	0
380	1	2	2	0.000000	37.000000	37.000000	0.000000	0.000000	0	0	0
381	69	1	0	0.000000	1.014493	1.014493	0.000000	0.000000	0	0	0
382	29	1	1	0.000000	1.000000	1.000000	0.000000	0.000000	0	0	0
383	2	1	1	0.000000	2.000000	2.000000	0.000000	0.000000	0	0	0
384	64	1	0	0.000000	1.000000	1.000000	0.000000	0.000000	0	0	0
385	3	1	2	0.000000	1.666667	1.666667	0.000000	0.000000	0	0	0
386	62	1	0	0.000000	1.000000	1.000000	0.000000	0.000000	0	0	0
387	71	1	0	0.000000	1.000000	1.000000	0.000000	0.000000	0	0	0
388	71	1	0	0.000000	1.056338	1.056338	0.000000	0.000000	0	0	0
389	29	1	1	0.000000	1.000000	1.000000	0.000000	0.000000	0	0	0
390	68	1	0	0.000000	1.000000	1.000000	0.000000	0.000000	0	0	0
391	78	1	0	0.000000	1.141026	1.141026	0.000000	0.000000	0	0	0
392	29	1	1	0.000000	1.000000	1.000000	0.000000	0.000000	0	0	0
393	58	2	0	0.000000	1.017241	1.017241	0.000000	0.000000	0	0	0
394	29	1	1	0.000000	1.000000	1.000000	0.000000	0.000000	0	0	0
395	2	1	1	0.000000	4.000000	1.000000	0.000000	0.000000	0	0	0
396	8	1	1	0.000000	1.000000	1.000000	0.000000	0.000000	0	0	0
397	70	1	0	0.000000	1.000000	1.000000	0.000000	0.000000	0	0	0
398	4	1	1	0.000000	7.250000	7.250000	0.000000	0.000000	0	0	0
399	51	1	1	0.000000	1.000000	1.000000	0.000000	0.000000	0	0	0
400	4	1	1	0.000000	1.000000	1.000000	0.000000	0.000000	0	0	0
401	4	1	1	0.000000	2.250000	2.250000	0.000000	0.000000	0	0	0
402	63	1	0	0.000000	1.000000	1.000000	0.000000	0.000000	0	0	0
403	58	1	0	0.000000	1.017241	1.017241	0.000000	0.000000	0	0	0
404	29	1	1	0.000000	1.000000	1.000000	0.000000	0.000000	0	0	0
405	59	1	0	0.000000	1.000000	1.000000	0.000000	0.000000	0	0	0
406	40	1	1	0.000000	1.000000	1.000000	0.000000	0.000000	0	0	0
407	20	2	1	0.000000	1.200000	1.200000	0.000000	0.000000	0	0	0
408	9	1	1	0.000000	1.000000	1.000000	0.000000	0.000000	0	0	0
409	8	1	1	0.000000	1.000000	1.000000	0.000000	0.000000	0	0	0
410	29	1	1	0.000000	1.241379	1.241379	0.000000	0.000000	0	0	0
411	67	1	0	0.000000	1.000000	1.000000	0.000000	0.000000	0	0	0
412	63	1	0	0.000000	1.000000	1.000000	0.000000	0.000000	0	0	0
413	58	1	0	0.000000	1.000000	1.000000	0.000000	0.000000	0	0	0
414	29	1	1	0.000000	1.000000	1.000000	0.000000	0.000000	0	0	0
415	65	1	0	0.000000	1.000000	1.000000	0.000000	0.000000	0	0	0
416	61	0	0	0.000000	1.000000	1.000000	0.000000	0.000000	0	0	0
417	29	1	1	0.000000	1.000000	1.000000	0.000000	0.000000	0	0	0
418	65	1	0	0.000000	1.000000	1.000000	0.000000	0.000000	0	0	0
419	29	1	1	0.000000	1.000000	1.000000	0.000000	0.000000	0	0	0
420	58	1	0	0.000000	1.000000	1.000000	0.000000	0.000000	0	0	0
421	4	1	1	0.000000	1.500000	1.500000	0.000000	0.000000	0	0	0
422	65	1	0	0.000000	1.000000	1.000000	0.000000	0.000000	0	0	0
423	68	1	0	0.000000	1.014706	1.014706	0.000000	0.000000	0	0	0
424	58	1	0	0.000000	1.000000	1.000000	0.000000	0.000000	0	0	0
425	60	1	0	0.000000	1.000000	1.000000	0.000000	0.000000	0	0	0
426	61	1	0	0.000000	1.377049	1.049180	0.000000	0.000000	0	0	0
427	29	1	1	0.000000	1.000000	1.000000	0.000000	0.000000	0	0	0
428	29	1	1	0.000000	1.000000	1.000000	0.000000	0.000000	0	0	0
429	67	1	0	0.000000	1.000000	1.000000	0.000000	0.000000	0	0	0
430	5	1	1	0.000000	1.000000	1.000000	0.000000	0.000000	0	0	0
431	23	1	1	0.000000	1.000000	1.000000	0.000000	0.000000	0	0	0
432	69	1	0	0.000000	1.000000	1.000000	0.000000	0.000000	0	0	0
433	1	1	2	0.000000	2.000000	2.000000	0.000000	0.000000	0	0	0
434	10	1	1	0.000000	1.000000	1.000000	0.000000	0.000000	0	0	0
435	18	1	1	0.000000	1.000000	1.000000	0.000000	0.000000	0	0	0
436	64	1	0	0.000000	1.000000	1.000000	0.000000	0.000000	0	0	0
437	1	1	1	0.000000	1.000000	1.000000	0.000000	0.000000	0	0	0
438	8	1	1	0.000000	1.000000	1.000000	0.000000	0.000000	0	0	0
439	4	1	1	0.000000	1.000000	1.000000	0.000000	0.000000	0	0	0
440	26	1	1	0.000000	1.000000	1.000000	0.000000	0.000000	0	0	0
441	1	1	1	0.000000	13.000000	2.000000	0.000000	0.000000	0	0	0
442	29	1	1	0.000000	1.000000	1.000000	0.000000	0.000000	0	0	0
443	58	1	0	0.000000	1.000000	1.000000	0.000000	0.000000	0	0	0
444	29	1	1	0.000000	1.000000	1.000000	0.000000	0.000000	0	0	0
445	29	1	1	0.000000	1.000000	1.000000	0.000000	0.000000	0	0	0
446	66	1	0	0.000000	1.000000	1.000000	0.000000	0.000000	0	0	0
447	18	1	1	0.000000	1.000000	1.000000	0.000000	0.000000	0	0	0
448	64	1	0	0.000000	1.000000	1.000000	0.000000	0.000000	0	0	0
449	5	1	2	0.000000	18.800000	1.000000	0.000000	0.000000	0	0	0
450	49	1	1	0.000000	1.000000	1.000000	0.000000	0.000000	0	0	0
451	29	1	1	0.000000	1.000000	1.000000	0.000000	0.000000	0	0	0
452	47	1	1	0.000000	1.000000	1.000000	0.000000	0.000000	0	0	0
453	2	1	1	0.000000	1.000000	1.000000	0.000000	0.000000	0	0	0
454	29	1	1	0.000000	1.000000	1.000000	0.000000	0.000000	0	0	0
455	9	1	1	0.000000	1.000000	1.000000	0.000000	0.000000	0	0	0
456	29	1	1	0.000000	1.000000	1.000000	0.000000	0.000000	0	0	0
