ID	lgth	out	in	long_cov	short1_cov	short1_Ocov	short2_cov	short2_Ocov	long_nb	short1_nb	short2_nb
1	50	2	2	0.000000	13.580000	12.960000	0.000000	0.000000	0	0	0
2	523	1	2	0.000000	19.787763	18.892925	0.000000	0.000000	0	0	0
3	145	2	2	0.000000	12.441379	12.034483	0.000000	0.000000	0	0	0
4	19	1	1	0.000000	13.315789	13.315789	0.000000	0.000000	0	0	0
5	5	2	2	0.000000	12.800000	12.800000	0.000000	0.000000	0	0	0
6	51	1	0	0.000000	1.000000	1.000000	0.000000	0.000000	0	0	0
7	148	1	2	0.000000	18.054054	17.648649	0.000000	0.000000	0	0	0
8	3	2	2	0.000000	21.333333	21.333333	0.000000	0.000000	0	0	0
9	2	1	1	0.000000	13.000000	10.500000	0.000000	0.000000	0	0	0
10	2	1	2	0.000000	55.500000	55.500000	0.000000	0.000000	0	0	0
11	1	2	2	0.000000	57.000000	57.000000	0.000000	0.000000	0	0	0
12	3	1	1	0.000000	55.333333	54.333333	0.000000	0.000000	0	0	0
13	1	1	2	0.000000	67.000000	66.000000	0.000000	0.000000	0	0	0
14	1	1	2	0.000000	86.000000	85.000000	0.000000	0.000000	0	0	0
15	2	2	2	0.000000	86.500000	66.000000	0.000000	0.000000	0	0	0
16	32	1	1	0.000000	15.375000	14.781250	0.000000	0.000000	0	0	0
17	3	1	2	0.000000	32.000000	20.000000	0.000000	0.000000	0	0	0
18	2	2	2	0.000000	48.000000	36.000000	0.000000	0.000000	0	0	0
19	8	1	1	0.000000	31.750000	18.500000	0.000000	0.000000	0	0	0
20	5	1	1	0.000000	18.200000	10.200000	0.000000	0.000000	0	0	0
21	87	1	2	0.000000	12.241379	12.022989	0.000000	0.000000	0	0	0
22	1	2	2	0.000000	25.000000	25.000000	0.000000	0.000000	0	0	0
23	1	3	2	0.000000	45.000000	44.000000	0.000000	0.000000	0	0	0
24	2	2	1	0.000000	12.500000	12.500000	0.000000	0.000000	0	0	0
25	2	1	1	0.000000	12.000000	12.000000	0.000000	0.000000	0	0	0
26	1	1	2	0.000000	15.000000	15.000000	0.000000	0.000000	0	0	0
27	1	2	2	0.000000	25.000000	25.000000	0.000000	0.000000	0	0	0
28	1	2	1	0.000000	64.000000	19.000000	0.000000	0.000000	0	0	0
29	3	2	2	0.000000	60.333333	51.666667	0.000000	0.000000	0	0	0
30	1	2	1	0.000000	43.000000	43.000000	0.000000	0.000000	0	0	0
31	1	2	1	0.000000	32.000000	32.000000	0.000000	0.000000	0	0	0
32	16	2	1	0.000000	19.687500	16.437500	0.000000	0.000000	0	0	0
33	1	1	1	0.000000	24.000000	21.000000	0.000000	0.000000	0	0	0
34	1	1	2	0.000000	28.000000	26.000000	0.000000	0.000000	0	0	0
35	4	2	2	0.000000	45.750000	25.250000	0.000000	0.000000	0	0	0
36	3	1	1	0.000000	41.000000	21.000000	0.000000	0.000000	0	0	0
37	1	2	1	0.000000	65.000000	19.000000	0.000000	0.000000	0	0	0
38	5	2	1	0.000000	58.000000	25.400000	0.000000	0.000000	0	0	0
39	5	2	1	0.000000	45.800000	24.200000	0.000000	0.000000	0	0	0
40	68	1	1	0.000000	19.397059	18.544118	0.000000	0.000000	0	0	0
41	46	1	1	0.000000	9.521739	9.521739	0.000000	0.000000	0	0	0
42	1	1	2	0.000000	17.000000	17.000000	0.000000	0.000000	0	0	0
43	2	2	1	0.000000	66.000000	25.500000	0.000000	0.000000	0	0	0
44	1	1	2	0.000000	59.000000	29.000000	0.000000	0.000000	0	0	0
45	3	2	2	0.000000	76.333333	34.333333	0.000000	0.000000	0	0	0
46	1	2	1	0.000000	72.000000	22.000000	0.000000	0.000000	0	0	0
47	2	3	1	0.000000	64.000000	14.000000	0.000000	0.000000	0	0	0
48	183	1	2	0.000000	14.163934	13.748634	0.000000	0.000000	0	0	0
49	2	1	2	0.000000	6.000000	5.000000	0.000000	0.000000	0	0	0
50	3	2	4	0.000000	134.333333	11.666667	0.000000	0.000000	0	0	0
51	1	1	1	0.000000	136.000000	101.000000	0.000000	0.000000	0	0	0
52	1	3	1	0.000000	116.000000	78.000000	0.000000	0.000000	0	0	0
53	12	1	1	0.000000	6.333333	6.333333	0.000000	0.000000	0	0	0
54	3	2	1	0.000000	26.000000	26.000000	0.000000	0.000000	0	0	0
55	8	1	1	0.000000	19.125000	19.125000	0.000000	0.000000	0	0	0
56	2	1	2	0.000000	38.000000	18.000000	0.000000	0.000000	0	0	0
57	1	1	1	0.000000	130.000000	13.000000	0.000000	0.000000	0	0	0
58	1	2	2	0.000000	128.000000	14.000000	0.000000	0.000000	0	0	0
59	30	2	1	0.000000	3.333333	3.333333	0.000000	0.000000	0	0	0
60	14	1	1	0.000000	3.000000	3.000000	0.000000	0.000000	0	0	0
61	1	1	1	0.000000	12.000000	12.000000	0.000000	0.000000	0	0	0
62	1	2	2	0.000000	17.000000	10.000000	0.000000	0.000000	0	0	0
63	2	1	1	0.000000	10.000000	3.000000	0.000000	0.000000	0	0	0
64	150	2	2	0.000000	18.480000	18.353333	0.000000	0.000000	0	0	0
65	1	2	1	0.000000	25.000000	25.000000	0.000000	0.000000	0	0	0
66	18	1	1	0.000000	20.777778	20.777778	0.000000	0.000000	0	0	0
67	1	1	2	0.000000	21.000000	21.000000	0.000000	0.000000	0	0	0
68	103	1	2	0.000000	13.048544	13.048544	0.000000	0.000000	0	0	0
69	7	1	1	0.000000	14.000000	14.000000	0.000000	0.000000	0	0	0
70	1	1	2	0.000000	70.000000	69.000000	0.000000	0.000000	0	0	0
71	1	1	2	0.000000	81.000000	80.000000	0.000000	0.000000	0	0	0
72	1	2	2	0.000000	84.000000	83.000000	0.000000	0.000000	0	0	0
73	3	1	1	0.000000	67.333333	66.333333	0.000000	0.000000	0	0	0
74	6	4	2	0.000000	61.000000	57.333333	0.000000	0.000000	0	0	0
75	2	2	2	0.000000	34.000000	30.000000	0.000000	0.000000	0	0	0
76	2	2	1	0.000000	34.000000	30.500000	0.000000	0.000000	0	0	0
77	12	1	1	0.000000	17.166667	16.166667	0.000000	0.000000	0	0	0
78	343	1	2	0.000000	19.527697	18.341108	0.000000	0.000000	0	0	0
79	1	4	4	0.000000	356.000000	356.000000	0.000000	0.000000	0	0	0
80	1	2	3	0.000000	49.000000	49.000000	0.000000	0.000000	0	0	0
81	1	4	3	0.000000	52.000000	38.000000	0.000000	0.000000	0	0	0
82	1	3	3	0.000000	41.000000	37.000000	0.000000	0.000000	0	0	0
83	1	1	3	0.000000	48.000000	47.000000	0.000000	0.000000	0	0	0
84	1	3	2	0.000000	52.000000	27.000000	0.000000	0.000000	0	0	0
85	7	1	2	0.000000	14.285714	14.285714	0.000000	0.000000	0	0	0
86	27	2	2	0.000000	8.000000	8.000000	0.000000	0.000000	0	0	0
87	1	1	1	0.000000	6.000000	6.000000	0.000000	0.000000	0	0	0
88	1	2	4	0.000000	77.000000	33.000000	0.000000	0.000000	0	0	0
89	17	1	1	0.000000	46.647059	5.000000	0.000000	0.000000	0	0	0
90	1	1	2	0.000000	46.000000	6.000000	0.000000	0.000000	0	0	0
91	1	1	1	0.000000	89.000000	39.000000	0.000000	0.000000	0	0	0
92	1	3	3	0.000000	97.000000	38.000000	0.000000	0.000000	0	0	0
93	1	2	1	0.000000	54.000000	11.000000	0.000000	0.000000	0	0	0
94	5	2	1	0.000000	11.000000	8.600000	0.000000	0.000000	0	0	0
95	132	1	2	0.000000	3.280303	3.280303	0.000000	0.000000	0	0	0
96	1	1	2	0.000000	8.000000	8.000000	0.000000	0.000000	0	0	0
97	7	1	2	0.000000	11.285714	11.285714	0.000000	0.000000	0	0	0
98	347	2	2	0.000000	7.276657	7.221902	0.000000	0.000000	0	0	0
99	4	1	1	0.000000	39.750000	23.000000	0.000000	0.000000	0	0	0
100	1	3	2	0.000000	55.000000	37.000000	0.000000	0.000000	0	0	0
101	1	1	1	0.000000	23.000000	23.000000	0.000000	0.000000	0	0	0
102	4	2	2	0.000000	21.500000	21.500000	0.000000	0.000000	0	0	0
103	14	1	1	0.000000	11.642857	11.357143	0.000000	0.000000	0	0	0
104	11	1	2	0.000000	12.545455	11.545455	0.000000	0.000000	0	0	0
105	3	1	2	0.000000	30.000000	27.666667	0.000000	0.000000	0	0	0
106	3	1	2	0.000000	30.333333	27.333333	0.000000	0.000000	0	0	0
107	7	1	2	0.000000	31.428571	24.571429	0.000000	0.000000	0	0	0
108	3	1	2	0.000000	34.000000	20.333333	0.000000	0.000000	0	0	0
109	1	1	2	0.000000	46.000000	32.000000	0.000000	0.000000	0	0	0
110	8	1	2	0.000000	12.625000	12.625000	0.000000	0.000000	0	0	0
111	15	1	2	0.000000	12.600000	12.600000	0.000000	0.000000	0	0	0
112	273	1	2	0.000000	19.278388	18.351648	0.000000	0.000000	0	0	0
113	107	2	2	0.000000	14.000000	12.448598	0.000000	0.000000	0	0	0
114	17	2	1	0.000000	21.352941	21.352941	0.000000	0.000000	0	0	0
115	13	1	1	0.000000	21.461538	21.461538	0.000000	0.000000	0	0	0
116	1	2	2	0.000000	23.000000	23.000000	0.000000	0.000000	0	0	0
117	5	1	1	0.000000	22.200000	22.200000	0.000000	0.000000	0	0	0
118	9	2	2	0.000000	23.222222	23.222222	0.000000	0.000000	0	0	0
119	19	1	1	0.000000	15.315789	15.315789	0.000000	0.000000	0	0	0
120	3	2	2	0.000000	10.333333	10.333333	0.000000	0.000000	0	0	0
121	2	1	1	0.000000	9.000000	9.000000	0.000000	0.000000	0	0	0
122	168	2	2	0.000000	19.273810	18.386905	0.000000	0.000000	0	0	0
123	63	1	0	0.000000	1.000000	1.000000	0.000000	0.000000	0	0	0
124	2	1	2	0.000000	4.000000	2.000000	0.000000	0.000000	0	0	0
125	1	1	2	0.000000	15.000000	15.000000	0.000000	0.000000	0	0	0
126	1	2	3	0.000000	21.000000	21.000000	0.000000	0.000000	0	0	0
127	1	1	2	0.000000	24.000000	24.000000	0.000000	0.000000	0	0	0
128	1	4	2	0.000000	60.000000	60.000000	0.000000	0.000000	0	0	0
129	25	2	2	0.000000	12.960000	12.960000	0.000000	0.000000	0	0	0
130	84	2	1	0.000000	18.702381	12.011905	0.000000	0.000000	0	0	0
131	195	1	2	0.000000	19.000000	18.651282	0.000000	0.000000	0	0	0
132	8	1	2	0.000000	19.500000	19.500000	0.000000	0.000000	0	0	0
133	194	1	2	0.000000	14.139175	13.546392	0.000000	0.000000	0	0	0
134	61	2	2	0.000000	2.918033	2.918033	0.000000	0.000000	0	0	0
135	293	2	2	0.000000	14.003413	13.324232	0.000000	0.000000	0	0	0
136	15	1	1	0.000000	14.800000	14.800000	0.000000	0.000000	0	0	0
137	1	2	2	0.000000	15.000000	15.000000	0.000000	0.000000	0	0	0
138	94	1	1	0.000000	10.212766	9.606383	0.000000	0.000000	0	0	0
139	19	1	2	0.000000	13.315789	13.315789	0.000000	0.000000	0	0	0
140	1	2	2	0.000000	26.000000	25.000000	0.000000	0.000000	0	0	0
141	8	1	1	0.000000	15.125000	15.125000	0.000000	0.000000	0	0	0
142	1	2	2	0.000000	27.000000	27.000000	0.000000	0.000000	0	0	0
143	19	1	1	0.000000	18.526316	18.105263	0.000000	0.000000	0	0	0
144	4	2	2	0.000000	31.500000	30.500000	0.000000	0.000000	0	0	0
145	161	1	1	0.000000	15.614907	15.167702	0.000000	0.000000	0	0	0
146	17	1	2	0.000000	9.588235	9.588235	0.000000	0.000000	0	0	0
147	60	1	2	0.000000	8.733333	8.733333	0.000000	0.000000	0	0	0
148	1	2	2	0.000000	7.000000	7.000000	0.000000	0.000000	0	0	0
149	23	1	1	0.000000	4.086957	4.086957	0.000000	0.000000	0	0	0
150	3	2	1	0.000000	16.666667	16.666667	0.000000	0.000000	0	0	0
151	13	1	1	0.000000	14.538462	14.538462	0.000000	0.000000	0	0	0
152	1	2	2	0.000000	26.000000	26.000000	0.000000	0.000000	0	0	0
153	36	1	1	0.000000	11.472222	10.944444	0.000000	0.000000	0	0	0
154	308	2	1	0.000000	15.616883	14.954545	0.000000	0.000000	0	0	0
155	9	2	1	0.000000	22.888889	22.888889	0.000000	0.000000	0	0	0
156	10	1	1	0.000000	21.600000	21.600000	0.000000	0.000000	0	0	0
157	9	1	2	0.000000	20.111111	20.111111	0.000000	0.000000	0	0	0
158	2	1	1	0.000000	16.500000	10.500000	0.000000	0.000000	0	0	0
159	2	1	2	0.000000	20.500000	12.500000	0.000000	0.000000	0	0	0
160	4	1	1	0.000000	13.000000	3.000000	0.000000	0.000000	0	0	0
161	81	2	2	0.000000	19.506173	18.320988	0.000000	0.000000	0	0	0
162	4	2	2	0.000000	32.500000	32.500000	0.000000	0.000000	0	0	0
163	1	1	1	0.000000	22.000000	22.000000	0.000000	0.000000	0	0	0
164	3	2	2	0.000000	31.333333	30.333333	0.000000	0.000000	0	0	0
165	2	2	1	0.000000	30.000000	30.000000	0.000000	0.000000	0	0	0
166	2	1	1	0.000000	20.000000	20.000000	0.000000	0.000000	0	0	0
167	4	1	2	0.000000	20.500000	20.500000	0.000000	0.000000	0	0	0
168	11	1	2	0.000000	18.636364	18.636364	0.000000	0.000000	0	0	0
169	94	2	2	0.000000	10.765957	10.765957	0.000000	0.000000	0	0	0
170	31	2	1	0.000000	11.709677	11.096774	0.000000	0.000000	0	0	0
171	1	1	1	0.000000	11.000000	11.000000	0.000000	0.000000	0	0	0
172	2	1	2	0.000000	32.000000	32.000000	0.000000	0.000000	0	0	0
173	1	1	2	0.000000	62.000000	16.000000	0.000000	0.000000	0	0	0
174	27	1	1	0.000000	10.259259	10.185185	0.000000	0.000000	0	0	0
175	50	2	2	0.000000	19.940000	17.960000	0.000000	0.000000	0	0	0
176	12	1	1	0.000000	20.916667	16.833333	0.000000	0.000000	0	0	0
177	4	1	1	0.000000	20.250000	20.250000	0.000000	0.000000	0	0	0
178	2	1	3	0.000000	35.000000	33.000000	0.000000	0.000000	0	0	0
179	1	3	2	0.000000	36.000000	34.000000	0.000000	0.000000	0	0	0
180	1	2	1	0.000000	24.000000	24.000000	0.000000	0.000000	0	0	0
181	2	1	2	0.000000	31.000000	15.000000	0.000000	0.000000	0	0	0
182	334	1	1	0.000000	17.586826	16.350299	0.000000	0.000000	0	0	0
183	62	1	0	0.000000	1.000000	1.000000	0.000000	0.000000	0	0	0
184	1	2	3	0.000000	24.000000	24.000000	0.000000	0.000000	0	0	0
185	1	2	1	0.000000	15.000000	15.000000	0.000000	0.000000	0	0	0
186	1	3	2	0.000000	30.000000	30.000000	0.000000	0.000000	0	0	0
187	2	2	1	0.000000	29.000000	20.500000	0.000000	0.000000	0	0	0
188	4	3	1	0.000000	27.250000	18.750000	0.000000	0.000000	0	0	0
189	43	1	1	0.000000	19.395349	10.511628	0.000000	0.000000	0	0	0
190	125	2	0	0.000000	2.552000	2.552000	0.000000	0.000000	0	0	0
191	8	1	2	0.000000	28.250000	28.250000	0.000000	0.000000	0	0	0
192	299	1	1	0.000000	15.876254	15.210702	0.000000	0.000000	0	0	0
193	19	1	1	0.000000	1.000000	1.000000	0.000000	0.000000	0	0	0
194	192	1	2	0.000000	14.640625	13.942708	0.000000	0.000000	0	0	0
195	4	2	1	0.000000	11.000000	11.000000	0.000000	0.000000	0	0	0
196	10	1	1	0.000000	9.600000	9.500000	0.000000	0.000000	0	0	0
197	48	1	2	0.000000	11.250000	10.770833	0.000000	0.000000	0	0	0
198	1	2	2	0.000000	10.000000	10.000000	0.000000	0.000000	0	0	0
199	22	1	1	0.000000	9.818182	9.818182	0.000000	0.000000	0	0	0
200	6	1	2	0.000000	2.000000	2.000000	0.000000	0.000000	0	0	0
201	19	1	2	0.000000	2.421053	2.210526	0.000000	0.000000	0	0	0
202	367	1	2	0.000000	22.950954	21.801090	0.000000	0.000000	0	0	0
203	31	1	1	0.000000	18.032258	16.483871	0.000000	0.000000	0	0	0
204	9	1	1	0.000000	29.000000	29.000000	0.000000	0.000000	0	0	0
205	7	1	2	0.000000	30.571429	30.571429	0.000000	0.000000	0	0	0
206	18	2	2	0.000000	29.277778	29.277778	0.000000	0.000000	0	0	0
207	11	1	1	0.000000	29.909091	29.909091	0.000000	0.000000	0	0	0
208	2	1	2	0.000000	27.500000	24.500000	0.000000	0.000000	0	0	0
209	6	2	2	0.000000	27.000000	25.333333	0.000000	0.000000	0	0	0
210	1	1	1	0.000000	27.000000	27.000000	0.000000	0.000000	0	0	0
211	1	1	2	0.000000	29.000000	29.000000	0.000000	0.000000	0	0	0
212	1	1	2	0.000000	32.000000	32.000000	0.000000	0.000000	0	0	0
213	1	1	2	0.000000	35.000000	35.000000	0.000000	0.000000	0	0	0
214	3	2	4	0.000000	128.666667	128.666667	0.000000	0.000000	0	0	0
215	3	3	1	0.000000	119.000000	119.000000	0.000000	0.000000	0	0	0
216	1	1	1	0.000000	84.000000	84.000000	0.000000	0.000000	0	0	0
217	1	1	2	0.000000	121.000000	103.000000	0.000000	0.000000	0	0	0
218	2	2	4	0.000000	154.500000	114.500000	0.000000	0.000000	0	0	0
219	1	2	1	0.000000	154.000000	114.000000	0.000000	0.000000	0	0	0
220	1	3	2	0.000000	137.000000	4.000000	0.000000	0.000000	0	0	0
221	1	2	2	0.000000	106.000000	89.000000	0.000000	0.000000	0	0	0
222	2	2	1	0.000000	87.500000	70.500000	0.000000	0.000000	0	0	0
223	1	2	1	0.000000	87.000000	70.000000	0.000000	0.000000	0	0	0
224	1	3	2	0.000000	92.000000	72.000000	0.000000	0.000000	0	0	0
225	4	1	1	0.000000	91.000000	88.000000	0.000000	0.000000	0	0	0
226	3	2	2	0.000000	165.333333	120.000000	0.000000	0.000000	0	0	0
227	1	1	2	0.000000	26.000000	26.000000	0.000000	0.000000	0	0	0
228	6	1	3	0.000000	23.333333	22.333333	0.000000	0.000000	0	0	0
229	2	1	1	0.000000	105.500000	74.500000	0.000000	0.000000	0	0	0
230	1	2	2	0.000000	140.000000	95.000000	0.000000	0.000000	0	0	0
231	2	2	1	0.000000	23.500000	23.500000	0.000000	0.000000	0	0	0
232	19	1	1	0.000000	17.421053	17.421053	0.000000	0.000000	0	0	0
233	8	2	1	0.000000	22.625000	22.625000	0.000000	0.000000	0	0	0
234	11	1	1	0.000000	17.545455	17.545455	0.000000	0.000000	0	0	0
235	10	2	2	0.000000	20.200000	19.700000	0.000000	0.000000	0	0	0
236	10	1	1	0.000000	22.400000	21.100000	0.000000	0.000000	0	0	0
237	9	1	2	0.000000	23.000000	19.777778	0.000000	0.000000	0	0	0
238	368	2	2	0.000000	11.369565	10.619565	0.000000	0.000000	0	0	0
239	42	1	2	0.000000	16.047619	15.071429	0.000000	0.000000	0	0	0
240	71	2	2	0.000000	23.845070	23.225352	0.000000	0.000000	0	0	0
241	104	1	2	0.000000	23.519231	22.644231	0.000000	0.000000	0	0	0
242	22	1	2	0.000000	22.863636	21.318182	0.000000	0.000000	0	0	0
243	5	2	2	0.000000	19.800000	19.800000	0.000000	0.000000	0	0	0
244	15	1	1	0.000000	21.600000	21.600000	0.000000	0.000000	0	0	0
245	6	2	2	0.000000	34.333333	28.000000	0.000000	0.000000	0	0	0
246	16	1	1	0.000000	19.312500	19.312500	0.000000	0.000000	0	0	0
247	35	1	2	0.000000	24.171429	21.457143	0.000000	0.000000	0	0	0
248	93	2	2	0.000000	23.279570	21.569892	0.000000	0.000000	0	0	0
249	5	1	1	0.000000	26.400000	23.000000	0.000000	0.000000	0	0	0
250	14	1	2	0.000000	27.714286	15.214286	0.000000	0.000000	0	0	0
251	1	1	1	0.000000	9.000000	1.000000	0.000000	0.000000	0	0	0
252	5	2	2	0.000000	14.000000	7.800000	0.000000	0.000000	0	0	0
253	3	1	2	0.000000	15.000000	8.000000	0.000000	0.000000	0	0	0
254	1	1	2	0.000000	40.000000	22.000000	0.000000	0.000000	0	0	0
255	2	2	2	0.000000	48.500000	30.500000	0.000000	0.000000	0	0	0
256	3	1	1	0.000000	37.000000	19.000000	0.000000	0.000000	0	0	0
257	2	3	1	0.000000	134.000000	77.500000	0.000000	0.000000	0	0	0
258	2	2	1	0.000000	115.000000	58.000000	0.000000	0.000000	0	0	0
259	58	1	1	0.000000	20.844828	20.172414	0.000000	0.000000	0	0	0
260	15	1	2	0.000000	22.333333	22.133333	0.000000	0.000000	0	0	0
261	54	2	2	0.000000	26.777778	26.462963	0.000000	0.000000	0	0	0
262	17	2	1	0.000000	3.235294	2.941176	0.000000	0.000000	0	0	0
263	18	1	1	0.000000	3.333333	2.555556	0.000000	0.000000	0	0	0
264	51	1	0	0.000000	1.000000	1.000000	0.000000	0.000000	0	0	0
265	6	1	2	0.000000	2.000000	2.000000	0.000000	0.000000	0	0	0
266	2	1	2	0.000000	6.000000	6.000000	0.000000	0.000000	0	0	0
267	58	2	2	0.000000	22.500000	21.068966	0.000000	0.000000	0	0	0
268	3	2	2	0.000000	72.666667	61.333333	0.000000	0.000000	0	0	0
269	3	1	1	0.000000	68.333333	65.333333	0.000000	0.000000	0	0	0
270	1	2	2	0.000000	69.000000	68.000000	0.000000	0.000000	0	0	0
271	3	2	2	0.000000	51.333333	51.333333	0.000000	0.000000	0	0	0
272	3	2	1	0.000000	27.000000	27.000000	0.000000	0.000000	0	0	0
273	2	2	1	0.000000	19.500000	19.500000	0.000000	0.000000	0	0	0
274	15	1	1	0.000000	17.933333	17.933333	0.000000	0.000000	0	0	0
275	147	1	2	0.000000	18.292517	17.517007	0.000000	0.000000	0	0	0
276	19	1	1	0.000000	24.105263	24.105263	0.000000	0.000000	0	0	0
277	52	1	1	0.000000	23.980769	21.750000	0.000000	0.000000	0	0	0
278	24	1	2	0.000000	24.250000	23.916667	0.000000	0.000000	0	0	0
279	4	2	2	0.000000	38.250000	38.250000	0.000000	0.000000	0	0	0
280	2	2	2	0.000000	18.500000	18.500000	0.000000	0.000000	0	0	0
281	19	1	1	0.000000	16.421053	16.052632	0.000000	0.000000	0	0	0
282	14	1	1	0.000000	3.000000	3.000000	0.000000	0.000000	0	0	0
283	5	1	2	0.000000	4.000000	4.000000	0.000000	0.000000	0	0	0
284	6	1	2	0.000000	9.666667	9.000000	0.000000	0.000000	0	0	0
285	1	2	2	0.000000	13.000000	12.000000	0.000000	0.000000	0	0	0
286	93	1	1	0.000000	16.881720	16.161290	0.000000	0.000000	0	0	0
287	59	2	1	0.000000	18.372881	17.593220	0.000000	0.000000	0	0	0
288	1	1	3	0.000000	20.000000	16.000000	0.000000	0.000000	0	0	0
289	1	2	2	0.000000	31.000000	27.000000	0.000000	0.000000	0	0	0
290	1	2	1	0.000000	70.000000	26.000000	0.000000	0.000000	0	0	0
291	1	1	1	0.000000	23.000000	10.000000	0.000000	0.000000	0	0	0
292	4	2	3	0.000000	26.000000	11.000000	0.000000	0.000000	0	0	0
293	28	1	1	0.000000	1.464286	1.464286	0.000000	0.000000	0	0	0
294	1275	1	2	0.000000	14.985098	14.383529	0.000000	0.000000	0	0	0
295	46	1	0	0.000000	1.000000	1.000000	0.000000	0.000000	0	0	0
296	1	2	2	0.000000	4.000000	4.000000	0.000000	0.000000	0	0	0
297	1	3	2	0.000000	4.000000	4.000000	0.000000	0.000000	0	0	0
298	1	2	2	0.000000	4.000000	4.000000	0.000000	0.000000	0	0	0
299	1	1	2	0.000000	2.000000	2.000000	0.000000	0.000000	0	0	0
300	148	1	2	0.000000	20.777027	18.614865	0.000000	0.000000	0	0	0
301	38	1	2	0.000000	19.815789	19.710526	0.000000	0.000000	0	0	0
302	42	1	2	0.000000	22.166667	17.666667	0.000000	0.000000	0	0	0
303	299	1	1	0.000000	15.983278	15.317726	0.000000	0.000000	0	0	0
304	2	1	1	0.000000	36.000000	13.000000	0.000000	0.000000	0	0	0
305	10	1	1	0.000000	2.000000	2.000000	0.000000	0.000000	0	0	0
306	2	2	3	0.000000	23.000000	23.000000	0.000000	0.000000	0	0	0
307	2	1	1	0.000000	22.000000	22.000000	0.000000	0.000000	0	0	0
308	4	1	2	0.000000	30.750000	30.750000	0.000000	0.000000	0	0	0
309	1	2	2	0.000000	72.000000	55.000000	0.000000	0.000000	0	0	0
310	1	2	2	0.000000	76.000000	75.000000	0.000000	0.000000	0	0	0
311	5	2	1	0.000000	67.200000	65.400000	0.000000	0.000000	0	0	0
312	4	2	1	0.000000	28.000000	14.500000	0.000000	0.000000	0	0	0
313	45	1	0	0.000000	1.000000	1.000000	0.000000	0.000000	0	0	0
314	2	2	2	0.000000	3.000000	3.000000	0.000000	0.000000	0	0	0
315	3	1	2	0.000000	2.000000	2.000000	0.000000	0.000000	0	0	0
316	2	1	2	0.000000	3.000000	3.000000	0.000000	0.000000	0	0	0
317	1	2	3	0.000000	19.000000	19.000000	0.000000	0.000000	0	0	0
318	1085	2	2	0.000000	15.800000	15.033180	0.000000	0.000000	0	0	0
319	38	2	1	0.000000	9.815789	8.105263	0.000000	0.000000	0	0	0
320	47	1	0	0.000000	1.234043	1.106383	0.000000	0.000000	0	0	0
321	40	2	2	0.000000	11.425000	8.825000	0.000000	0.000000	0	0	0
322	25	2	2	0.000000	14.800000	13.080000	0.000000	0.000000	0	0	0
323	13	2	1	0.000000	6.461538	6.461538	0.000000	0.000000	0	0	0
324	1	2	2	0.000000	8.000000	8.000000	0.000000	0.000000	0	0	0
325	1	1	1	0.000000	6.000000	6.000000	0.000000	0.000000	0	0	0
326	4	1	2	0.000000	7.000000	7.000000	0.000000	0.000000	0	0	0
327	1	1	2	0.000000	12.000000	12.000000	0.000000	0.000000	0	0	0
328	143	1	1	0.000000	13.986014	13.454545	0.000000	0.000000	0	0	0
329	20	2	2	0.000000	21.900000	21.900000	0.000000	0.000000	0	0	0
330	4	2	1	0.000000	21.750000	21.750000	0.000000	0.000000	0	0	0
331	3	1	1	0.000000	20.000000	20.000000	0.000000	0.000000	0	0	0
332	19	1	1	0.000000	22.421053	21.736842	0.000000	0.000000	0	0	0
333	240	2	2	0.000000	7.058333	6.587500	0.000000	0.000000	0	0	0
334	2	1	1	0.000000	4.500000	4.500000	0.000000	0.000000	0	0	0
335	1	3	2	0.000000	7.000000	7.000000	0.000000	0.000000	0	0	0
336	38	1	1	0.000000	1.000000	1.000000	0.000000	0.000000	0	0	0
337	1	2	2	0.000000	2.000000	2.000000	0.000000	0.000000	0	0	0
338	25	1	1	0.000000	1.000000	1.000000	0.000000	0.000000	0	0	0
339	4	1	2	0.000000	2.000000	2.000000	0.000000	0.000000	0	0	0
340	1	2	2	0.000000	3.000000	3.000000	0.000000	0.000000	0	0	0
341	1	1	3	0.000000	15.000000	15.000000	0.000000	0.000000	0	0	0
342	40	1	0	0.000000	1.000000	1.000000	0.000000	0.000000	0	0	0
343	65	1	1	0.000000	17.800000	17.076923	0.000000	0.000000	0	0	0
344	14	2	1	0.000000	14.357143	13.571429	0.000000	0.000000	0	0	0
345	13	1	1	0.000000	1.000000	1.000000	0.000000	0.000000	0	0	0
346	50	1	1	0.000000	15.460000	15.460000	0.000000	0.000000	0	0	0
347	61	1	2	0.000000	3.196721	2.983607	0.000000	0.000000	0	0	0
348	46	1	1	0.000000	9.152174	8.739130	0.000000	0.000000	0	0	0
349	11	1	1	0.000000	9.090909	9.090909	0.000000	0.000000	0	0	0
350	12	1	1	0.000000	9.833333	9.833333	0.000000	0.000000	0	0	0
351	1	2	2	0.000000	43.000000	31.000000	0.000000	0.000000	0	0	0
352	376	2	2	0.000000	7.226064	6.896277	0.000000	0.000000	0	0	0
353	18	1	1	0.000000	16.500000	16.000000	0.000000	0.000000	0	0	0
354	45	1	2	0.000000	23.222222	22.644444	0.000000	0.000000	0	0	0
355	27	1	1	0.000000	15.666667	15.370370	0.000000	0.000000	0	0	0
356	328	0	2	0.000000	14.817073	14.097561	0.000000	0.000000	0	0	0
357	8	2	2	0.000000	23.500000	22.750000	0.000000	0.000000	0	0	0
358	1	1	2	0.000000	20.000000	13.000000	0.000000	0.000000	0	0	0
359	3	3	2	0.000000	22.666667	15.666667	0.000000	0.000000	0	0	0
360	1	1	1	0.000000	7.000000	7.000000	0.000000	0.000000	0	0	0
361	15	2	2	0.000000	12.933333	12.933333	0.000000	0.000000	0	0	0
362	2	2	1	0.000000	13.000000	13.000000	0.000000	0.000000	0	0	0
363	1	1	1	0.000000	12.000000	12.000000	0.000000	0.000000	0	0	0
364	9	2	2	0.000000	25.777778	24.555556	0.000000	0.000000	0	0	0
365	15	1	1	0.000000	17.400000	16.933333	0.000000	0.000000	0	0	0
366	20	1	2	0.000000	21.900000	20.350000	0.000000	0.000000	0	0	0
367	13	1	2	0.000000	11.538462	4.923077	0.000000	0.000000	0	0	0
368	11	2	2	0.000000	21.909091	13.818182	0.000000	0.000000	0	0	0
369	9	1	1	0.000000	17.555556	7.666667	0.000000	0.000000	0	0	0
370	40	1	0	0.000000	1.000000	1.000000	0.000000	0.000000	0	0	0
371	352	1	2	0.000000	20.119318	19.607955	0.000000	0.000000	0	0	0
372	46	1	1	0.000000	1.043478	1.043478	0.000000	0.000000	0	0	0
373	19	1	2	0.000000	14.894737	9.052632	0.000000	0.000000	0	0	0
374	38	2	2	0.000000	10.631579	7.447368	0.000000	0.000000	0	0	0
375	2	2	1	0.000000	20.000000	15.000000	0.000000	0.000000	0	0	0
376	32	1	1	0.000000	11.406250	11.406250	0.000000	0.000000	0	0	0
377	16	1	2	0.000000	16.312500	16.312500	0.000000	0.000000	0	0	0
378	55	1	1	0.000000	21.054545	20.090909	0.000000	0.000000	0	0	0
379	16	2	1	0.000000	16.187500	15.750000	0.000000	0.000000	0	0	0
380	19	1	1	0.000000	1.000000	1.000000	0.000000	0.000000	0	0	0
381	2	1	3	0.000000	13.500000	5.000000	0.000000	0.000000	0	0	0
382	5	1	1	0.000000	11.600000	11.600000	0.000000	0.000000	0	0	0
383	1	1	2	0.000000	15.000000	15.000000	0.000000	0.000000	0	0	0
384	1	1	1	0.000000	19.000000	16.000000	0.000000	0.000000	0	0	0
385	2	1	2	0.000000	17.500000	14.500000	0.000000	0.000000	0	0	0
386	5	2	2	0.000000	17.000000	14.800000	0.000000	0.000000	0	0	0
387	3	1	1	0.000000	5.000000	5.000000	0.000000	0.000000	0	0	0
388	83	1	2	0.000000	8.626506	8.397590	0.000000	0.000000	0	0	0
389	3	2	2	0.000000	2.000000	2.000000	0.000000	0.000000	0	0	0
390	1	1	1	0.000000	1.000000	1.000000	0.000000	0.000000	0	0	0
391	1	2	2	0.000000	2.000000	2.000000	0.000000	0.000000	0	0	0
392	14	1	1	0.000000	2.000000	2.000000	0.000000	0.000000	0	0	0
393	216	1	2	0.000000	10.185185	9.981481	0.000000	0.000000	0	0	0
394	14	1	2	0.000000	8.571429	8.571429	0.000000	0.000000	0	0	0
395	7	2	1	0.000000	29.428571	29.428571	0.000000	0.000000	0	0	0
396	3	2	1	0.000000	29.666667	29.666667	0.000000	0.000000	0	0	0
397	2	2	1	0.000000	23.000000	23.000000	0.000000	0.000000	0	0	0
398	19	1	1	0.000000	16.631579	16.631579	0.000000	0.000000	0	0	0
399	23	1	2	0.000000	19.304348	18.608696	0.000000	0.000000	0	0	0
400	114	0	0	0.000000	3.605263	3.605263	0.000000	0.000000	0	0	0
401	160	2	2	0.000000	18.612500	17.131250	0.000000	0.000000	0	0	0
402	66	1	0	0.000000	1.075758	1.075758	0.000000	0.000000	0	0	0
403	19	1	1	0.000000	1.000000	1.000000	0.000000	0.000000	0	0	0
404	28	1	2	0.000000	1.071429	1.071429	0.000000	0.000000	0	0	0
405	123	1	2	0.000000	20.837398	20.390244	0.000000	0.000000	0	0	0
406	105	1	2	0.000000	4.933333	4.933333	0.000000	0.000000	0	0	0
407	29	2	1	0.000000	14.827586	14.827586	0.000000	0.000000	0	0	0
408	13	1	1	0.000000	12.230769	12.230769	0.000000	0.000000	0	0	0
409	4	2	2	0.000000	25.750000	25.750000	0.000000	0.000000	0	0	0
410	9	1	1	0.000000	10.000000	9.333333	0.000000	0.000000	0	0	0
411	10	1	2	0.000000	9.100000	8.100000	0.000000	0.000000	0	0	0
412	40	1	1	0.000000	1.725000	1.725000	0.000000	0.000000	0	0	0
413	9	1	2	0.000000	1.444444	1.333333	0.000000	0.000000	0	0	0
414	3	1	2	0.000000	4.000000	3.000000	0.000000	0.000000	0	0	0
415	27	1	2	0.000000	18.370370	16.851852	0.000000	0.000000	0	0	0
416	522	2	2	0.000000	16.758621	15.894636	0.000000	0.000000	0	0	0
417	2	2	1	0.000000	3.000000	2.000000	0.000000	0.000000	0	0	0
418	5	1	1	0.000000	2.400000	2.400000	0.000000	0.000000	0	0	0
419	18	2	1	0.000000	23.444444	23.444444	0.000000	0.000000	0	0	0
420	1	1	2	0.000000	23.000000	23.000000	0.000000	0.000000	0	0	0
421	18	1	2	0.000000	21.611111	21.611111	0.000000	0.000000	0	0	0
422	211	1	2	0.000000	17.488152	16.312796	0.000000	0.000000	0	0	0
423	39	1	0	0.000000	1.000000	1.000000	0.000000	0.000000	0	0	0
424	3	1	2	0.000000	18.666667	18.666667	0.000000	0.000000	0	0	0
425	8	1	2	0.000000	18.000000	18.000000	0.000000	0.000000	0	0	0
426	2	1	2	0.000000	19.500000	18.500000	0.000000	0.000000	0	0	0
427	8	1	2	0.000000	13.250000	11.000000	0.000000	0.000000	0	0	0
428	11	1	2	0.000000	13.636364	12.363636	0.000000	0.000000	0	0	0
429	137	0	2	0.000000	13.240876	12.963504	0.000000	0.000000	0	0	0
430	49	1	0	0.000000	1.000000	1.000000	0.000000	0.000000	0	0	0
431	5	1	1	0.000000	23.800000	22.800000	0.000000	0.000000	0	0	0
432	3	1	2	0.000000	26.666667	25.666667	0.000000	0.000000	0	0	0
433	1	1	2	0.000000	29.000000	13.000000	0.000000	0.000000	0	0	0
434	96	1	2	0.000000	7.062500	6.520833	0.000000	0.000000	0	0	0
435	67	2	2	0.000000	6.388060	6.388060	0.000000	0.000000	0	0	0
436	5	1	1	0.000000	20.800000	1.000000	0.000000	0.000000	0	0	0
437	2	2	2	0.000000	21.500000	2.000000	0.000000	0.000000	0	0	0
438	12	1	1	0.000000	1.000000	1.000000	0.000000	0.000000	0	0	0
439	42	2	2	0.000000	16.261905	15.380952	0.000000	0.000000	0	0	0
440	9	1	1	0.000000	1.000000	1.000000	0.000000	0.000000	0	0	0
441	178	1	2	0.000000	16.258427	14.500000	0.000000	0.000000	0	0	0
442	4	1	1	0.000000	9.250000	9.250000	0.000000	0.000000	0	0	0
443	2	1	2	0.000000	12.000000	12.000000	0.000000	0.000000	0	0	0
444	1	2	2	0.000000	14.000000	14.000000	0.000000	0.000000	0	0	0
445	1	2	1	0.000000	13.000000	13.000000	0.000000	0.000000	0	0	0
446	1	2	1	0.000000	9.000000	9.000000	0.000000	0.000000	0	0	0
447	1	1	1	0.000000	8.000000	8.000000	0.000000	0.000000	0	0	0
448	1	2	2	0.000000	9.000000	9.000000	0.000000	0.000000	0	0	0
449	19	1	1	0.000000	9.789474	9.789474	0.000000	0.000000	0	0	0
450	200	1	2	0.000000	11.030000	10.385000	0.000000	0.000000	0	0	0
451	67	1	0	0.000000	1.000000	1.000000	0.000000	0.000000	0	0	0
452	1	2	4	0.000000	23.000000	23.000000	0.000000	0.000000	0	0	0
453	19	3	1	0.000000	18.105263	18.105263	0.000000	0.000000	0	0	0
454	43	2	1	0.000000	14.418605	12.046512	0.000000	0.000000	0	0	0
455	4	1	2	0.000000	23.750000	21.750000	0.000000	0.000000	0	0	0
456	8	2	4	0.000000	39.375000	21.625000	0.000000	0.000000	0	0	0
457	4	1	1	0.000000	11.000000	11.000000	0.000000	0.000000	0	0	0
458	44	1	2	0.000000	8.772727	8.136364	0.000000	0.000000	0	0	0
459	21	1	1	0.000000	13.571429	13.571429	0.000000	0.000000	0	0	0
460	3	1	1	0.000000	12.000000	12.000000	0.000000	0.000000	0	0	0
461	15	1	1	0.000000	16.000000	6.600000	0.000000	0.000000	0	0	0
462	1	1	2	0.000000	17.000000	17.000000	0.000000	0.000000	0	0	0
463	136	2	2	0.000000	16.044118	13.522059	0.000000	0.000000	0	0	0
464	6	3	2	0.000000	10.000000	10.000000	0.000000	0.000000	0	0	0
465	15	2	1	0.000000	7.466667	7.466667	0.000000	0.000000	0	0	0
466	4	1	1	0.000000	5.000000	5.000000	0.000000	0.000000	0	0	0
467	15	1	2	0.000000	4.866667	4.866667	0.000000	0.000000	0	0	0
468	12	2	2	0.000000	6.000000	6.000000	0.000000	0.000000	0	0	0
469	24	2	1	0.000000	13.666667	13.666667	0.000000	0.000000	0	0	0
470	17	1	1	0.000000	11.647059	11.647059	0.000000	0.000000	0	0	0
471	44	1	0	0.000000	1.000000	1.000000	0.000000	0.000000	0	0	0
472	10	1	1	0.000000	17.100000	16.300000	0.000000	0.000000	0	0	0
473	27	1	1	0.000000	20.740741	20.407407	0.000000	0.000000	0	0	0
474	44	1	1	0.000000	17.250000	17.250000	0.000000	0.000000	0	0	0
475	6	1	1	0.000000	15.166667	15.166667	0.000000	0.000000	0	0	0
476	7	1	1	0.000000	14.000000	13.000000	0.000000	0.000000	0	0	0
477	3	1	1	0.000000	12.000000	11.000000	0.000000	0.000000	0	0	0
478	23	2	1	0.000000	12.521739	12.434783	0.000000	0.000000	0	0	0
479	7	2	2	0.000000	42.714286	28.000000	0.000000	0.000000	0	0	0
480	5	1	1	0.000000	1.000000	1.000000	0.000000	0.000000	0	0	0
481	198	2	2	0.000000	13.378788	11.888889	0.000000	0.000000	0	0	0
482	4	1	1	0.000000	56.250000	27.500000	0.000000	0.000000	0	0	0
483	6	3	2	0.000000	78.000000	42.000000	0.000000	0.000000	0	0	0
484	1	1	1	0.000000	5.000000	4.000000	0.000000	0.000000	0	0	0
485	3	1	2	0.000000	7.000000	5.333333	0.000000	0.000000	0	0	0
486	3	2	2	0.000000	28.000000	27.000000	0.000000	0.000000	0	0	0
487	31	1	1	0.000000	22.193548	21.064516	0.000000	0.000000	0	0	0
488	19	1	1	0.000000	1.000000	1.000000	0.000000	0.000000	0	0	0
489	52	1	0	0.000000	1.000000	1.000000	0.000000	0.000000	0	0	0
490	6	2	2	0.000000	2.000000	2.000000	0.000000	0.000000	0	0	0
491	1	1	2	0.000000	2.000000	2.000000	0.000000	0.000000	0	0	0
492	1	1	2	0.000000	3.000000	3.000000	0.000000	0.000000	0	0	0
493	1	2	3	0.000000	20.000000	20.000000	0.000000	0.000000	0	0	0
494	301	1	2	0.000000	16.445183	16.136213	0.000000	0.000000	0	0	0
495	41	1	0	0.000000	1.000000	1.000000	0.000000	0.000000	0	0	0
496	5	1	2	0.000000	2.800000	2.800000	0.000000	0.000000	0	0	0
497	1	1	1	0.000000	2.000000	2.000000	0.000000	0.000000	0	0	0
498	1	2	3	0.000000	23.000000	23.000000	0.000000	0.000000	0	0	0
499	21	1	2	0.000000	9.809524	8.904762	0.000000	0.000000	0	0	0
500	474	1	2	0.000000	16.976793	16.424051	0.000000	0.000000	0	0	0
501	8	2	1	0.000000	30.750000	22.000000	0.000000	0.000000	0	0	0
502	1	1	2	0.000000	15.000000	15.000000	0.000000	0.000000	0	0	0
503	19	1	1	0.000000	1.315789	1.315789	0.000000	0.000000	0	0	0
504	1	2	2	0.000000	20.000000	20.000000	0.000000	0.000000	0	0	0
505	5	2	1	0.000000	18.400000	18.400000	0.000000	0.000000	0	0	0
506	4	2	1	0.000000	16.000000	16.000000	0.000000	0.000000	0	0	0
507	10	1	1	0.000000	3.600000	2.700000	0.000000	0.000000	0	0	0
508	1	2	1	0.000000	20.000000	20.000000	0.000000	0.000000	0	0	0
509	35	1	1	0.000000	14.685714	14.057143	0.000000	0.000000	0	0	0
510	55	1	0	0.000000	1.000000	1.000000	0.000000	0.000000	0	0	0
511	48	1	1	0.000000	11.479167	11.395833	0.000000	0.000000	0	0	0
512	18	1	1	0.000000	2.388889	2.388889	0.000000	0.000000	0	0	0
513	5	1	1	0.000000	1.000000	1.000000	0.000000	0.000000	0	0	0
514	14	1	2	0.000000	1.714286	1.714286	0.000000	0.000000	0	0	0
515	19	1	1	0.000000	1.421053	1.421053	0.000000	0.000000	0	0	0
516	1	1	1	0.000000	113.000000	12.000000	0.000000	0.000000	0	0	0
517	5	1	1	0.000000	16.000000	16.000000	0.000000	0.000000	0	0	0
518	4	1	2	0.000000	18.000000	18.000000	0.000000	0.000000	0	0	0
519	13	2	1	0.000000	3.000000	3.000000	0.000000	0.000000	0	0	0
520	2	1	1	0.000000	1.000000	1.000000	0.000000	0.000000	0	0	0
521	1	2	2	0.000000	8.000000	8.000000	0.000000	0.000000	0	0	0
522	2	1	1	0.000000	6.000000	6.000000	0.000000	0.000000	0	0	0
523	16	1	2	0.000000	19.687500	17.437500	0.000000	0.000000	0	0	0
524	22	1	1	0.000000	4.318182	4.318182	0.000000	0.000000	0	0	0
525	46	1	1	0.000000	1.130435	1.130435	0.000000	0.000000	0	0	0
526	323	2	1	0.000000	14.513932	13.965944	0.000000	0.000000	0	0	0
527	20	2	1	0.000000	8.850000	7.200000	0.000000	0.000000	0	0	0
528	299	1	2	0.000000	8.963211	8.605351	0.000000	0.000000	0	0	0
529	30	1	1	0.000000	11.400000	11.400000	0.000000	0.000000	0	0	0
530	52	0	1	0.000000	6.096154	6.096154	0.000000	0.000000	0	0	0
531	23	1	1	0.000000	6.826087	6.826087	0.000000	0.000000	0	0	0
532	1	1	2	0.000000	32.000000	9.000000	0.000000	0.000000	0	0	0
533	6	1	1	0.000000	8.833333	8.666667	0.000000	0.000000	0	0	0
534	1	2	2	0.000000	21.000000	21.000000	0.000000	0.000000	0	0	0
535	1	2	1	0.000000	18.000000	18.000000	0.000000	0.000000	0	0	0
536	13	1	1	0.000000	12.076923	11.461538	0.000000	0.000000	0	0	0
537	1	2	1	0.000000	3.000000	3.000000	0.000000	0.000000	0	0	0
538	18	1	1	0.000000	1.000000	1.000000	0.000000	0.000000	0	0	0
539	11	2	1	0.000000	14.090909	7.636364	0.000000	0.000000	0	0	0
540	61	1	0	0.000000	1.000000	1.000000	0.000000	0.000000	0	0	0
541	6	1	2	0.000000	2.000000	2.000000	0.000000	0.000000	0	0	0
542	39	1	1	0.000000	12.538462	11.641026	0.000000	0.000000	0	0	0
543	5	2	2	0.000000	18.600000	18.600000	0.000000	0.000000	0	0	0
544	58	2	1	0.000000	5.637931	5.637931	0.000000	0.000000	0	0	0
545	54	2	1	0.000000	6.814815	6.814815	0.000000	0.000000	0	0	0
546	369	1	0	0.000000	11.178862	10.647696	0.000000	0.000000	0	0	0
547	3	1	1	0.000000	12.000000	11.000000	0.000000	0.000000	0	0	0
548	19	1	1	0.000000	14.000000	14.000000	0.000000	0.000000	0	0	0
549	8	2	2	0.000000	49.500000	9.875000	0.000000	0.000000	0	0	0
550	33	1	1	0.000000	1.090909	1.090909	0.000000	0.000000	0	0	0
551	6	1	3	0.000000	25.500000	11.333333	0.000000	0.000000	0	0	0
552	58	2	1	0.000000	12.413793	10.413793	0.000000	0.000000	0	0	0
553	173	1	0	0.000000	19.161850	18.277457	0.000000	0.000000	0	0	0
554	11	2	2	0.000000	29.454545	28.818182	0.000000	0.000000	0	0	0
555	31	1	1	0.000000	20.193548	15.741935	0.000000	0.000000	0	0	0
556	10	1	1	0.000000	18.200000	18.200000	0.000000	0.000000	0	0	0
557	9	1	2	0.000000	22.111111	22.111111	0.000000	0.000000	0	0	0
558	3	1	2	0.000000	28.000000	27.666667	0.000000	0.000000	0	0	0
559	2	1	2	0.000000	39.500000	38.500000	0.000000	0.000000	0	0	0
560	2	2	1	0.000000	21.000000	20.000000	0.000000	0.000000	0	0	0
561	4	1	1	0.000000	17.000000	16.000000	0.000000	0.000000	0	0	0
562	19	1	1	0.000000	1.000000	1.000000	0.000000	0.000000	0	0	0
563	12	1	2	0.000000	13.083333	9.083333	0.000000	0.000000	0	0	0
564	19	1	1	0.000000	1.000000	1.000000	0.000000	0.000000	0	0	0
565	539	1	2	0.000000	20.814471	19.897959	0.000000	0.000000	0	0	0
566	56	1	0	0.000000	1.017857	1.017857	0.000000	0.000000	0	0	0
567	4	3	2	0.000000	3.250000	3.250000	0.000000	0.000000	0	0	0
568	2	1	1	0.000000	1.000000	1.000000	0.000000	0.000000	0	0	0
569	30	2	1	0.000000	1.100000	1.100000	0.000000	0.000000	0	0	0
570	3	1	1	0.000000	1.666667	1.666667	0.000000	0.000000	0	0	0
571	1	2	2	0.000000	3.000000	3.000000	0.000000	0.000000	0	0	0
572	1	1	1	0.000000	1.000000	1.000000	0.000000	0.000000	0	0	0
573	24	1	2	0.000000	9.375000	5.500000	0.000000	0.000000	0	0	0
574	7	1	2	0.000000	12.000000	9.142857	0.000000	0.000000	0	0	0
575	27	1	1	0.000000	1.000000	1.000000	0.000000	0.000000	0	0	0
576	11	1	2	0.000000	9.181818	9.181818	0.000000	0.000000	0	0	0
577	3	1	2	0.000000	13.333333	13.333333	0.000000	0.000000	0	0	0
578	4	2	1	0.000000	1.500000	1.500000	0.000000	0.000000	0	0	0
579	69	1	1	0.000000	1.000000	1.000000	0.000000	0.000000	0	0	0
580	11	1	2	0.000000	25.181818	12.636364	0.000000	0.000000	0	0	0
581	2	1	1	0.000000	1.000000	1.000000	0.000000	0.000000	0	0	0
582	19	1	1	0.000000	1.000000	1.000000	0.000000	0.000000	0	0	0
583	249	2	2	0.000000	18.144578	17.662651	0.000000	0.000000	0	0	0
584	47	1	2	0.000000	21.021277	20.744681	0.000000	0.000000	0	0	0
585	63	2	0	0.000000	1.158730	1.158730	0.000000	0.000000	0	0	0
586	20	1	1	0.000000	1.250000	1.250000	0.000000	0.000000	0	0	0
587	38	1	0	0.000000	1.000000	1.000000	0.000000	0.000000	0	0	0
588	6	1	1	0.000000	2.000000	2.000000	0.000000	0.000000	0	0	0
589	77	1	1	0.000000	9.168831	8.675325	0.000000	0.000000	0	0	0
590	19	1	1	0.000000	8.263158	8.263158	0.000000	0.000000	0	0	0
591	74	1	0	0.000000	1.000000	1.000000	0.000000	0.000000	0	0	0
592	3	1	2	0.000000	21.000000	2.000000	0.000000	0.000000	0	0	0
593	6	1	1	0.000000	3.000000	3.000000	0.000000	0.000000	0	0	0
594	10	1	1	0.000000	2.200000	2.200000	0.000000	0.000000	0	0	0
595	1	2	1	0.000000	20.000000	5.000000	0.000000	0.000000	0	0	0
596	2	1	3	0.000000	29.500000	6.000000	0.000000	0.000000	0	0	0
597	2	1	2	0.000000	7.500000	7.500000	0.000000	0.000000	0	0	0
598	1	1	3	0.000000	10.000000	10.000000	0.000000	0.000000	0	0	0
599	46	1	1	0.000000	9.630435	9.217391	0.000000	0.000000	0	0	0
600	1	1	1	0.000000	2.000000	2.000000	0.000000	0.000000	0	0	0
601	5	1	1	0.000000	16.400000	15.200000	0.000000	0.000000	0	0	0
602	108	2	2	0.000000	17.250000	15.185185	0.000000	0.000000	0	0	0
603	4	1	1	0.000000	7.500000	7.500000	0.000000	0.000000	0	0	0
604	23	1	2	0.000000	8.000000	5.652174	0.000000	0.000000	0	0	0
605	2	2	3	0.000000	12.000000	8.000000	0.000000	0.000000	0	0	0
606	4	1	1	0.000000	2.000000	2.000000	0.000000	0.000000	0	0	0
607	6	2	2	0.000000	3.000000	3.000000	0.000000	0.000000	0	0	0
608	8	2	1	0.000000	2.625000	1.500000	0.000000	0.000000	0	0	0
609	1	1	1	0.000000	2.000000	1.000000	0.000000	0.000000	0	0	0
610	3	1	2	0.000000	23.000000	22.000000	0.000000	0.000000	0	0	0
611	2	1	1	0.000000	14.000000	14.000000	0.000000	0.000000	0	0	0
612	2	1	2	0.000000	9.500000	9.500000	0.000000	0.000000	0	0	0
613	58	1	1	0.000000	7.482759	7.482759	0.000000	0.000000	0	0	0
614	274	2	0	0.000000	15.660584	14.959854	0.000000	0.000000	0	0	0
615	6	2	2	0.000000	18.500000	16.666667	0.000000	0.000000	0	0	0
616	19	1	1	0.000000	13.684211	12.263158	0.000000	0.000000	0	0	0
617	3	1	1	0.000000	10.000000	10.000000	0.000000	0.000000	0	0	0
618	17	2	1	0.000000	8.529412	8.529412	0.000000	0.000000	0	0	0
619	64	1	0	0.000000	1.000000	1.000000	0.000000	0.000000	0	0	0
620	17	1	1	0.000000	5.058824	4.294118	0.000000	0.000000	0	0	0
621	90	2	2	0.000000	21.044444	19.300000	0.000000	0.000000	0	0	0
622	19	1	1	0.000000	23.000000	22.526316	0.000000	0.000000	0	0	0
623	2	2	2	0.000000	24.000000	24.000000	0.000000	0.000000	0	0	0
624	20	1	2	0.000000	9.650000	8.650000	0.000000	0.000000	0	0	0
625	5	1	2	0.000000	16.800000	10.000000	0.000000	0.000000	0	0	0
626	49	1	2	0.000000	10.530612	10.530612	0.000000	0.000000	0	0	0
627	66	1	0	0.000000	1.000000	1.000000	0.000000	0.000000	0	0	0
628	3	1	2	0.000000	16.000000	2.000000	0.000000	0.000000	0	0	0
629	55	1	0	0.000000	1.054545	1.054545	0.000000	0.000000	0	0	0
630	6	1	1	0.000000	16.000000	11.500000	0.000000	0.000000	0	0	0
631	112	1	2	0.000000	16.107143	15.714286	0.000000	0.000000	0	0	0
632	4	3	2	0.000000	32.750000	32.750000	0.000000	0.000000	0	0	0
633	277	0	2	0.000000	16.234657	15.028881	0.000000	0.000000	0	0	0
634	4	1	1	0.000000	16.500000	13.000000	0.000000	0.000000	0	0	0
635	15	1	1	0.000000	11.933333	11.933333	0.000000	0.000000	0	0	0
636	4	1	2	0.000000	14.000000	14.000000	0.000000	0.000000	0	0	0
637	36	1	1	0.000000	10.444444	8.666667	0.000000	0.000000	0	0	0
638	21	1	1	0.000000	11.619048	4.190476	0.000000	0.000000	0	0	0
639	14	1	2	0.000000	17.714286	15.857143	0.000000	0.000000	0	0	0
640	1	1	1	0.000000	1.000000	1.000000	0.000000	0.000000	0	0	0
641	19	1	1	0.000000	1.000000	1.000000	0.000000	0.000000	0	0	0
642	19	1	1	0.000000	1.000000	1.000000	0.000000	0.000000	0	0	0
643	11	1	1	0.000000	1.363636	1.363636	0.000000	0.000000	0	0	0
644	2	1	2	0.000000	3.000000	3.000000	0.000000	0.000000	0	0	0
645	2	1	4	0.000000	7.000000	7.000000	0.000000	0.000000	0	0	0
646	6	2	2	0.000000	45.166667	16.166667	0.000000	0.000000	0	0	0
647	5	1	1	0.000000	44.000000	1.000000	0.000000	0.000000	0	0	0
648	10	1	1	0.000000	4.000000	4.000000	0.000000	0.000000	0	0	0
649	3	1	3	0.000000	11.666667	2.000000	0.000000	0.000000	0	0	0
650	12	1	2	0.000000	15.833333	1.000000	0.000000	0.000000	0	0	0
651	1	2	2	0.000000	17.000000	2.000000	0.000000	0.000000	0	0	0
652	6	1	1	0.000000	1.000000	1.000000	0.000000	0.000000	0	0	0
653	18	1	2	0.000000	23.277778	20.111111	0.000000	0.000000	0	0	0
654	4	2	1	0.000000	1.750000	1.750000	0.000000	0.000000	0	0	0
655	4	1	1	0.000000	1.000000	1.000000	0.000000	0.000000	0	0	0
656	6	1	1	0.000000	1.000000	1.000000	0.000000	0.000000	0	0	0
657	20	1	1	0.000000	1.000000	1.000000	0.000000	0.000000	0	0	0
658	2	1	1	0.000000	5.000000	5.000000	0.000000	0.000000	0	0	0
659	44	1	0	0.000000	1.000000	1.000000	0.000000	0.000000	0	0	0
660	1	1	2	0.000000	2.000000	2.000000	0.000000	0.000000	0	0	0
661	1	2	2	0.000000	6.000000	6.000000	0.000000	0.000000	0	0	0
662	1	1	1	0.000000	5.000000	5.000000	0.000000	0.000000	0	0	0
663	8	1	1	0.000000	1.000000	1.000000	0.000000	0.000000	0	0	0
664	37	1	1	0.000000	1.000000	1.000000	0.000000	0.000000	0	0	0
665	48	1	0	0.000000	1.000000	1.000000	0.000000	0.000000	0	0	0
666	11	1	1	0.000000	3.000000	3.000000	0.000000	0.000000	0	0	0
667	4	1	2	0.000000	3.250000	3.250000	0.000000	0.000000	0	0	0
668	84	2	1	0.000000	7.297619	7.071429	0.000000	0.000000	0	0	0
669	48	1	1	0.000000	1.000000	1.000000	0.000000	0.000000	0	0	0
670	27	1	1	0.000000	1.000000	1.000000	0.000000	0.000000	0	0	0
671	1	1	1	0.000000	1.000000	1.000000	0.000000	0.000000	0	0	0
672	1	1	2	0.000000	3.000000	3.000000	0.000000	0.000000	0	0	0
673	30	1	1	0.000000	1.000000	1.000000	0.000000	0.000000	0	0	0
674	38	1	1	0.000000	1.000000	1.000000	0.000000	0.000000	0	0	0
675	36	1	1	0.000000	2.833333	2.833333	0.000000	0.000000	0	0	0
676	13	2	1	0.000000	18.307692	5.538462	0.000000	0.000000	0	0	0
677	10	2	1	0.000000	6.700000	6.000000	0.000000	0.000000	0	0	0
678	17	1	1	0.000000	5.000000	5.000000	0.000000	0.000000	0	0	0
679	6	1	2	0.000000	15.166667	3.333333	0.000000	0.000000	0	0	0
680	50	1	1	0.000000	1.000000	1.000000	0.000000	0.000000	0	0	0
681	73	1	0	0.000000	1.000000	1.000000	0.000000	0.000000	0	0	0
682	46	1	0	0.000000	1.000000	1.000000	0.000000	0.000000	0	0	0
683	4	1	1	0.000000	1.000000	1.000000	0.000000	0.000000	0	0	0
684	15	1	2	0.000000	1.733333	1.733333	0.000000	0.000000	0	0	0
685	9	1	1	0.000000	5.888889	5.222222	0.000000	0.000000	0	0	0
686	5	2	2	0.000000	6.000000	5.000000	0.000000	0.000000	0	0	0
687	33	1	1	0.000000	4.636364	4.393939	0.000000	0.000000	0	0	0
688	2	2	2	0.000000	3.500000	3.500000	0.000000	0.000000	0	0	0
689	20	1	1	0.000000	2.000000	2.000000	0.000000	0.000000	0	0	0
690	4	1	1	0.000000	1.000000	1.000000	0.000000	0.000000	0	0	0
691	6	1	1	0.000000	2.000000	2.000000	0.000000	0.000000	0	0	0
692	3	1	1	0.000000	2.000000	2.000000	0.000000	0.000000	0	0	0
693	4	1	2	0.000000	3.000000	3.000000	0.000000	0.000000	0	0	0
694	3	2	2	0.000000	4.000000	4.000000	0.000000	0.000000	0	0	0
695	1	1	1	0.000000	3.000000	3.000000	0.000000	0.000000	0	0	0
696	4	1	1	0.000000	1.000000	1.000000	0.000000	0.000000	0	0	0
697	1	1	1	0.000000	1.000000	1.000000	0.000000	0.000000	0	0	0
698	9	1	1	0.000000	7.888889	7.888889	0.000000	0.000000	0	0	0
699	52	0	1	0.000000	4.096154	4.096154	0.000000	0.000000	0	0	0
700	1	5	4	0.000000	140.000000	137.000000	0.000000	0.000000	0	0	0
701	1	2	2	0.000000	12.000000	11.000000	0.000000	0.000000	0	0	0
702	2	2	1	0.000000	9.000000	9.000000	0.000000	0.000000	0	0	0
703	3	2	1	0.000000	4.000000	1.666667	0.000000	0.000000	0	0	0
704	3	2	1	0.000000	4.333333	4.333333	0.000000	0.000000	0	0	0
705	1	2	2	0.000000	6.000000	6.000000	0.000000	0.000000	0	0	0
706	1	1	1	0.000000	5.000000	5.000000	0.000000	0.000000	0	0	0
707	2	2	2	0.000000	5.500000	5.500000	0.000000	0.000000	0	0	0
708	5	2	1	0.000000	4.200000	4.200000	0.000000	0.000000	0	0	0
709	9	1	1	0.000000	1.000000	1.000000	0.000000	0.000000	0	0	0
710	7	1	1	0.000000	3.428571	2.428571	0.000000	0.000000	0	0	0
711	44	1	0	0.000000	1.000000	1.000000	0.000000	0.000000	0	0	0
712	43	1	1	0.000000	1.000000	1.000000	0.000000	0.000000	0	0	0
713	64	1	0	0.000000	1.000000	1.000000	0.000000	0.000000	0	0	0
714	3	1	2	0.000000	2.000000	2.000000	0.000000	0.000000	0	0	0
715	3	1	2	0.000000	3.333333	3.333333	0.000000	0.000000	0	0	0
716	3	1	1	0.000000	1.000000	1.000000	0.000000	0.000000	0	0	0
717	19	1	1	0.000000	1.000000	1.000000	0.000000	0.000000	0	0	0
718	13	1	2	0.000000	6.000000	3.846154	0.000000	0.000000	0	0	0
719	1	1	2	0.000000	8.000000	8.000000	0.000000	0.000000	0	0	0
720	2	1	2	0.000000	6.500000	6.500000	0.000000	0.000000	0	0	0
721	13	1	2	0.000000	11.230769	11.230769	0.000000	0.000000	0	0	0
722	10	1	1	0.000000	5.300000	5.300000	0.000000	0.000000	0	0	0
723	41	1	0	0.000000	1.048780	1.048780	0.000000	0.000000	0	0	0
724	12	1	1	0.000000	18.916667	1.000000	0.000000	0.000000	0	0	0
725	1	1	2	0.000000	5.000000	5.000000	0.000000	0.000000	0	0	0
726	54	1	0	0.000000	1.129630	1.129630	0.000000	0.000000	0	0	0
727	1	1	2	0.000000	3.000000	3.000000	0.000000	0.000000	0	0	0
728	19	1	1	0.000000	1.000000	1.000000	0.000000	0.000000	0	0	0
729	9	2	1	0.000000	5.222222	5.222222	0.000000	0.000000	0	0	0
730	7	1	2	0.000000	14.571429	13.142857	0.000000	0.000000	0	0	0
731	60	1	0	0.000000	1.000000	1.000000	0.000000	0.000000	0	0	0
732	19	1	1	0.000000	1.000000	1.000000	0.000000	0.000000	0	0	0
733	4	2	1	0.000000	1.750000	1.750000	0.000000	0.000000	0	0	0
734	15	1	1	0.000000	1.200000	1.133333	0.000000	0.000000	0	0	0
735	51	1	0	0.000000	1.098039	1.098039	0.000000	0.000000	0	0	0
736	2	1	2	0.000000	3.000000	3.000000	0.000000	0.000000	0	0	0
737	83	2	0	0.000000	2.048193	2.048193	0.000000	0.000000	0	0	0
738	5	1	1	0.000000	3.000000	3.000000	0.000000	0.000000	0	0	0
739	10	1	1	0.000000	12.600000	8.600000	0.000000	0.000000	0	0	0
740	14	1	1	0.000000	5.285714	5.285714	0.000000	0.000000	0	0	0
741	62	1	0	0.000000	1.000000	1.000000	0.000000	0.000000	0	0	0
742	6	1	2	0.000000	2.000000	2.000000	0.000000	0.000000	0	0	0
743	10	1	1	0.000000	1.000000	1.000000	0.000000	0.000000	0	0	0
744	19	1	1	0.000000	1.000000	1.000000	0.000000	0.000000	0	0	0
745	78	1	0	0.000000	1.000000	1.000000	0.000000	0.000000	0	0	0
746	15	1	1	0.000000	1.266667	1.266667	0.000000	0.000000	0	0	0
747	3	1	1	0.000000	1.000000	1.000000	0.000000	0.000000	0	0	0
748	4	1	2	0.000000	6.000000	4.000000	0.000000	0.000000	0	0	0
749	19	1	1	0.000000	1.947368	1.947368	0.000000	0.000000	0	0	0
750	11	2	1	0.000000	3.000000	3.000000	0.000000	0.000000	0	0	0
751	5	1	1	0.000000	1.000000	1.000000	0.000000	0.000000	0	0	0
752	12	1	1	0.000000	1.166667	1.166667	0.000000	0.000000	0	0	0
753	39	1	0	0.000000	1.000000	1.000000	0.000000	0.000000	0	0	0
754	12	1	1	0.000000	5.916667	5.166667	0.000000	0.000000	0	0	0
755	31	1	1	0.000000	1.000000	1.000000	0.000000	0.000000	0	0	0
756	7	2	1	0.000000	11.571429	11.428571	0.000000	0.000000	0	0	0
757	46	1	0	0.000000	1.304348	1.173913	0.000000	0.000000	0	0	0
758	1	1	2	0.000000	5.000000	4.000000	0.000000	0.000000	0	0	0
759	49	1	0	0.000000	1.224490	1.224490	0.000000	0.000000	0	0	0
760	19	1	1	0.000000	1.000000	1.000000	0.000000	0.000000	0	0	0
761	42	1	0	0.000000	1.000000	1.000000	0.000000	0.000000	0	0	0
762	4	1	1	0.000000	1.000000	1.000000	0.000000	0.000000	0	0	0
763	38	1	0	0.000000	1.000000	1.000000	0.000000	0.000000	0	0	0
764	33	1	1	0.000000	1.000000	1.000000	0.000000	0.000000	0	0	0
765	2	2	2	0.000000	2.000000	2.000000	0.000000	0.000000	0	0	0
766	22	1	1	0.000000	1.000000	1.000000	0.000000	0.000000	0	0	0
767	24	2	1	0.000000	7.458333	5.791667	0.000000	0.000000	0	0	0
768	19	1	1	0.000000	2.473684	2.315789	0.000000	0.000000	0	0	0
769	19	1	1	0.000000	1.000000	1.000000	0.000000	0.000000	0	0	0
770	28	1	2	0.000000	9.571429	9.571429	0.000000	0.000000	0	0	0
771	56	1	0	0.000000	1.000000	1.000000	0.000000	0.000000	0	0	0
772	3	2	1	0.000000	3.000000	3.000000	0.000000	0.000000	0	0	0
773	19	1	1	0.000000	1.000000	1.000000	0.000000	0.000000	0	0	0
774	1	1	2	0.000000	2.000000	2.000000	0.000000	0.000000	0	0	0
775	57	1	0	0.000000	1.000000	1.000000	0.000000	0.000000	0	0	0
776	64	0	0	0.000000	1.000000	1.000000	0.000000	0.000000	0	0	0
777	1	2	2	0.000000	15.000000	2.000000	0.000000	0.000000	0	0	0
778	3	2	2	0.000000	17.000000	2.000000	0.000000	0.000000	0	0	0
779	14	1	1	0.000000	1.000000	1.000000	0.000000	0.000000	0	0	0
780	28	1	1	0.000000	1.000000	1.000000	0.000000	0.000000	0	0	0
781	70	1	0	0.000000	1.000000	1.000000	0.000000	0.000000	0	0	0
782	50	1	0	0.000000	1.000000	1.000000	0.000000	0.000000	0	0	0
783	64	1	0	0.000000	1.078125	1.078125	0.000000	0.000000	0	0	0
784	53	1	0	0.000000	1.000000	1.000000	0.000000	0.000000	0	0	0
785	2	2	2	0.000000	2.000000	2.000000	0.000000	0.000000	0	0	0
786	26	1	1	0.000000	1.000000	1.000000	0.000000	0.000000	0	0	0
787	1	1	2	0.000000	2.000000	2.000000	0.000000	0.000000	0	0	0
788	17	1	1	0.000000	1.000000	1.000000	0.000000	0.000000	0	0	0
789	1	1	2	0.000000	2.000000	2.000000	0.000000	0.000000	0	0	0
790	1	4	2	0.000000	4.000000	4.000000	0.000000	0.000000	0	0	0
791	1	1	1	0.000000	2.000000	2.000000	0.000000	0.000000	0	0	0
792	1	2	1	0.000000	4.000000	4.000000	0.000000	0.000000	0	0	0
793	4	1	1	0.000000	3.000000	3.000000	0.000000	0.000000	0	0	0
794	5	1	1	0.000000	1.000000	1.000000	0.000000	0.000000	0	0	0
795	1	1	1	0.000000	2.000000	2.000000	0.000000	0.000000	0	0	0
796	1	2	1	0.000000	2.000000	2.000000	0.000000	0.000000	0	0	0
797	4	1	1	0.000000	1.750000	1.750000	0.000000	0.000000	0	0	0
798	1	1	1	0.000000	15.000000	1.000000	0.000000	0.000000	0	0	0
799	1	1	1	0.000000	1.000000	1.000000	0.000000	0.000000	0	0	0
800	7	1	1	0.000000	18.285714	1.000000	0.000000	0.000000	0	0	0
801	2	1	1	0.000000	1.000000	1.000000	0.000000	0.000000	0	0	0
802	1	3	1	0.000000	6.000000	6.000000	0.000000	0.000000	0	0	0
803	6	1	1	0.000000	1.000000	1.000000	0.000000	0.000000	0	0	0
804	26	1	1	0.000000	1.000000	1.000000	0.000000	0.000000	0	0	0
805	50	1	0	0.000000	1.000000	1.000000	0.000000	0.000000	0	0	0
806	13	1	1	0.000000	1.846154	1.846154	0.000000	0.000000	0	0	0
807	19	1	1	0.000000	1.000000	1.000000	0.000000	0.000000	0	0	0
808	55	1	1	0.000000	1.000000	1.000000	0.000000	0.000000	0	0	0
809	25	1	2	0.000000	2.360000	1.480000	0.000000	0.000000	0	0	0
810	19	1	1	0.000000	1.315789	1.315789	0.000000	0.000000	0	0	0
811	19	1	1	0.000000	1.000000	1.000000	0.000000	0.000000	0	0	0
812	45	1	1	0.000000	1.000000	1.000000	0.000000	0.000000	0	0	0
813	41	1	0	0.000000	1.000000	1.000000	0.000000	0.000000	0	0	0
814	47	1	1	0.000000	1.000000	1.000000	0.000000	0.000000	0	0	0
815	2	2	1	0.000000	4.500000	2.500000	0.000000	0.000000	0	0	0
816	19	1	1	0.000000	1.000000	1.000000	0.000000	0.000000	0	0	0
817	48	1	0	0.000000	1.000000	1.000000	0.000000	0.000000	0	0	0
818	47	1	0	0.000000	1.000000	1.000000	0.000000	0.000000	0	0	0
819	40	1	0	0.000000	1.000000	1.000000	0.000000	0.000000	0	0	0
820	39	1	0	0.000000	1.000000	1.000000	0.000000	0.000000	0	0	0
821	19	1	1	0.000000	1.000000	1.000000	0.000000	0.000000	0	0	0
822	59	1	0	0.000000	1.000000	1.000000	0.000000	0.000000	0	0	0
823	62	1	0	0.000000	1.000000	1.000000	0.000000	0.000000	0	0	0
824	52	2	0	0.000000	1.038462	1.038462	0.000000	0.000000	0	0	0
825	19	1	1	0.000000	1.000000	1.000000	0.000000	0.000000	0	0	0
826	38	1	0	0.000000	1.000000	1.000000	0.000000	0.000000	0	0	0
827	60	1	0	0.000000	1.000000	1.000000	0.000000	0.000000	0	0	0
828	1	1	1	0.000000	4.000000	4.000000	0.000000	0.000000	0	0	0
829	4	1	1	0.000000	1.000000	1.000000	0.000000	0.000000	0	0	0
830	1	1	1	0.000000	1.000000	1.000000	0.000000	0.000000	0	0	0
831	1	1	1	0.000000	2.000000	2.000000	0.000000	0.000000	0	0	0
832	2	1	2	0.000000	4.000000	4.000000	0.000000	0.000000	0	0	0
833	15	1	1	0.000000	2.000000	2.000000	0.000000	0.000000	0	0	0
834	12	2	1	0.000000	2.000000	2.000000	0.000000	0.000000	0	0	0
835	7	1	1	0.000000	1.000000	1.000000	0.000000	0.000000	0	0	0
836	19	1	1	0.000000	1.000000	1.000000	0.000000	0.000000	0	0	0
837	29	2	1	0.000000	1.275862	1.275862	0.000000	0.000000	0	0	0
838	19	1	1	0.000000	1.000000	1.000000	0.000000	0.000000	0	0	0
839	19	1	1	0.000000	1.000000	1.000000	0.000000	0.000000	0	0	0
840	19	1	1	0.000000	1.000000	1.000000	0.000000	0.000000	0	0	0
841	31	1	1	0.000000	1.193548	1.193548	0.000000	0.000000	0	0	0
842	6	1	2	0.000000	3.000000	2.000000	0.000000	0.000000	0	0	0
843	19	1	1	0.000000	1.000000	1.000000	0.000000	0.000000	0	0	0
844	103	1	2	0.000000	11.834951	11.776699	0.000000	0.000000	0	0	0
845	41	1	0	0.000000	1.000000	1.000000	0.000000	0.000000	0	0	0
846	2	1	1	0.000000	9.000000	9.000000	0.000000	0.000000	0	0	0
847	19	1	1	0.000000	1.000000	1.000000	0.000000	0.000000	0	0	0
848	19	1	1	0.000000	1.000000	1.000000	0.000000	0.000000	0	0	0
849	42	1	0	0.000000	1.000000	1.000000	0.000000	0.000000	0	0	0
850	19	1	1	0.000000	1.000000	1.000000	0.000000	0.000000	0	0	0
851	73	1	0	0.000000	1.013699	1.013699	0.000000	0.000000	0	0	0
852	8	2	1	0.000000	2.000000	2.000000	0.000000	0.000000	0	0	0
853	4	1	1	0.000000	1.000000	1.000000	0.000000	0.000000	0	0	0
854	18	1	2	0.000000	1.111111	1.111111	0.000000	0.000000	0	0	0
855	11	1	2	0.000000	2.000000	2.000000	0.000000	0.000000	0	0	0
856	1	1	1	0.000000	2.000000	2.000000	0.000000	0.000000	0	0	0
857	55	1	0	0.000000	1.036364	1.036364	0.000000	0.000000	0	0	0
858	32	1	1	0.000000	23.843750	17.750000	0.000000	0.000000	0	0	0
859	39	1	0	0.000000	1.000000	1.000000	0.000000	0.000000	0	0	0
860	7	1	2	0.000000	2.000000	2.000000	0.000000	0.000000	0	0	0
861	39	1	0	0.000000	1.000000	1.000000	0.000000	0.000000	0	0	0
862	63	1	0	0.000000	1.000000	1.000000	0.000000	0.000000	0	0	0
863	1	2	2	0.000000	3.000000	3.000000	0.000000	0.000000	0	0	0
864	39	1	1	0.000000	1.025641	1.025641	0.000000	0.000000	0	0	0
865	1	2	2	0.000000	89.000000	2.000000	0.000000	0.000000	0	0	0
866	7	1	1	0.000000	1.000000	1.000000	0.000000	0.000000	0	0	0
867	19	1	1	0.000000	1.000000	1.000000	0.000000	0.000000	0	0	0
868	11	2	1	0.000000	2.000000	2.000000	0.000000	0.000000	0	0	0
869	2	1	1	0.000000	2.000000	2.000000	0.000000	0.000000	0	0	0
870	4	1	1	0.000000	1.000000	1.000000	0.000000	0.000000	0	0	0
871	3	2	2	0.000000	17.333333	3.333333	0.000000	0.000000	0	0	0
872	3	1	1	0.000000	16.666667	1.000000	0.000000	0.000000	0	0	0
873	28	1	1	0.000000	1.000000	1.000000	0.000000	0.000000	0	0	0
874	76	1	0	0.000000	1.000000	1.000000	0.000000	0.000000	0	0	0
875	19	1	1	0.000000	1.000000	1.000000	0.000000	0.000000	0	0	0
876	80	1	0	0.000000	1.000000	1.000000	0.000000	0.000000	0	0	0
877	1	2	1	0.000000	18.000000	2.000000	0.000000	0.000000	0	0	0
878	42	1	0	0.000000	1.000000	1.000000	0.000000	0.000000	0	0	0
879	1	1	1	0.000000	1.000000	1.000000	0.000000	0.000000	0	0	0
880	4	1	1	0.000000	1.000000	1.000000	0.000000	0.000000	0	0	0
881	21	1	1	0.000000	1.000000	1.000000	0.000000	0.000000	0	0	0
882	6	1	1	0.000000	1.000000	1.000000	0.000000	0.000000	0	0	0
883	19	1	1	0.000000	1.684211	1.684211	0.000000	0.000000	0	0	0
884	25	1	1	0.000000	1.000000	1.000000	0.000000	0.000000	0	0	0
885	19	1	1	0.000000	1.000000	1.000000	0.000000	0.000000	0	0	0
886	51	1	0	0.000000	1.000000	1.000000	0.000000	0.000000	0	0	0
887	1	2	1	0.000000	2.000000	2.000000	0.000000	0.000000	0	0	0
888	15	1	1	0.000000	1.000000	1.000000	0.000000	0.000000	0	0	0
889	78	1	0	0.000000	1.000000	1.000000	0.000000	0.000000	0	0	0
890	19	1	1	0.000000	1.000000	1.000000	0.000000	0.000000	0	0	0
891	57	1	0	0.000000	1.000000	1.000000	0.000000	0.000000	0	0	0
892	58	1	1	0.000000	1.000000	1.000000	0.000000	0.000000	0	0	0
893	48	1	0	0.000000	1.000000	1.000000	0.000000	0.000000	0	0	0
894	2	1	2	0.000000	2.000000	2.000000	0.000000	0.000000	0	0	0
895	56	1	0	0.000000	1.000000	1.000000	0.000000	0.000000	0	0	0
896	3	2	2	0.000000	2.000000	2.000000	0.000000	0.000000	0	0	0
897	8	1	1	0.000000	1.000000	1.000000	0.000000	0.000000	0	0	0
898	44	1	0	0.000000	1.000000	1.000000	0.000000	0.000000	0	0	0
899	63	1	0	0.000000	1.000000	1.000000	0.000000	0.000000	0	0	0
900	6	1	1	0.000000	1.000000	1.000000	0.000000	0.000000	0	0	0
901	6	1	2	0.000000	1.333333	1.333333	0.000000	0.000000	0	0	0
902	30	1	1	0.000000	1.000000	1.000000	0.000000	0.000000	0	0	0
903	19	1	1	0.000000	1.000000	1.000000	0.000000	0.000000	0	0	0
904	38	1	0	0.000000	1.000000	1.000000	0.000000	0.000000	0	0	0
905	27	1	1	0.000000	1.000000	1.000000	0.000000	0.000000	0	0	0
906	11	2	1	0.000000	1.727273	1.727273	0.000000	0.000000	0	0	0
907	1	1	1	0.000000	2.000000	2.000000	0.000000	0.000000	0	0	0
908	47	1	0	0.000000	1.000000	1.000000	0.000000	0.000000	0	0	0
909	19	1	1	0.000000	1.000000	1.000000	0.000000	0.000000	0	0	0
910	13	1	1	0.000000	1.000000	1.000000	0.000000	0.000000	0	0	0
911	59	1	0	0.000000	1.000000	1.000000	0.000000	0.000000	0	0	0
912	67	1	0	0.000000	1.000000	1.000000	0.000000	0.000000	0	0	0
913	1	1	2	0.000000	2.000000	2.000000	0.000000	0.000000	0	0	0
914	53	1	0	0.000000	1.000000	1.000000	0.000000	0.000000	0	0	0
915	56	1	0	0.000000	1.000000	1.000000	0.000000	0.000000	0	0	0
916	33	1	1	0.000000	1.000000	1.000000	0.000000	0.000000	0	0	0
917	58	1	0	0.000000	1.000000	1.000000	0.000000	0.000000	0	0	0
918	1	1	2	0.000000	2.000000	2.000000	0.000000	0.000000	0	0	0
919	65	1	0	0.000000	1.000000	1.000000	0.000000	0.000000	0	0	0
920	19	1	1	0.000000	1.000000	1.000000	0.000000	0.000000	0	0	0
921	50	1	0	0.000000	1.000000	1.000000	0.000000	0.000000	0	0	0
922	52	1	0	0.000000	1.000000	1.000000	0.000000	0.000000	0	0	0
923	5	1	1	0.000000	1.000000	1.000000	0.000000	0.000000	0	0	0
924	48	1	1	0.000000	1.000000	1.000000	0.000000	0.000000	0	0	0
925	1	1	1	0.000000	1.000000	1.000000	0.000000	0.000000	0	0	0
926	65	1	0	0.000000	1.000000	1.000000	0.000000	0.000000	0	0	0
927	45	1	1	0.000000	1.000000	1.000000	0.000000	0.000000	0	0	0
928	38	1	2	0.000000	1.026316	1.026316	0.000000	0.000000	0	0	0
929	25	1	1	0.000000	1.000000	1.000000	0.000000	0.000000	0	0	0
930	1	1	2	0.000000	2.000000	2.000000	0.000000	0.000000	0	0	0
931	50	1	0	0.000000	1.000000	1.000000	0.000000	0.000000	0	0	0
932	38	1	0	0.000000	1.000000	1.000000	0.000000	0.000000	0	0	0
933	37	1	1	0.000000	1.000000	1.000000	0.000000	0.000000	0	0	0
934	19	1	1	0.000000	1.000000	1.000000	0.000000	0.000000	0	0	0
935	2	1	1	0.000000	1.000000	1.000000	0.000000	0.000000	0	0	0
936	19	1	1	0.000000	1.000000	1.000000	0.000000	0.000000	0	0	0
937	66	1	0	0.000000	1.000000	1.000000	0.000000	0.000000	0	0	0
938	40	1	0	0.000000	1.000000	1.000000	0.000000	0.000000	0	0	0
939	16	1	1	0.000000	1.000000	1.000000	0.000000	0.000000	0	0	0
940	47	1	0	0.000000	1.000000	1.000000	0.000000	0.000000	0	0	0
941	48	1	0	0.000000	1.062500	1.062500	0.000000	0.000000	0	0	0
942	54	1	0	0.000000	1.000000	1.000000	0.000000	0.000000	0	0	0
943	68	1	1	0.000000	1.000000	1.000000	0.000000	0.000000	0	0	0
944	67	1	0	0.000000	1.000000	1.000000	0.000000	0.000000	0	0	0
945	4	1	2	0.000000	29.250000	4.500000	0.000000	0.000000	0	0	0
946	19	1	1	0.000000	1.000000	1.000000	0.000000	0.000000	0	0	0
947	60	1	0	0.000000	1.000000	1.000000	0.000000	0.000000	0	0	0
948	39	1	0	0.000000	1.000000	1.000000	0.000000	0.000000	0	0	0
949	21	1	1	0.000000	1.095238	1.095238	0.000000	0.000000	0	0	0
950	1	1	1	0.000000	1.000000	1.000000	0.000000	0.000000	0	0	0
951	11	1	1	0.000000	1.000000	1.000000	0.000000	0.000000	0	0	0
952	8	1	2	0.000000	2.000000	2.000000	0.000000	0.000000	0	0	0
953	5	1	1	0.000000	1.000000	1.000000	0.000000	0.000000	0	0	0
954	19	1	1	0.000000	1.000000	1.000000	0.000000	0.000000	0	0	0
955	21	1	3	0.000000	1.380952	1.380952	0.000000	0.000000	0	0	0
956	1	2	1	0.000000	83.000000	1.000000	0.000000	0.000000	0	0	0
957	64	1	0	0.000000	1.000000	1.000000	0.000000	0.000000	0	0	0
958	49	1	0	0.000000	1.000000	1.000000	0.000000	0.000000	0	0	0
959	18	1	1	0.000000	1.111111	1.111111	0.000000	0.000000	0	0	0
960	7	1	2	0.000000	14.000000	1.857143	0.000000	0.000000	0	0	0
961	19	1	1	0.000000	1.000000	1.000000	0.000000	0.000000	0	0	0
962	71	1	0	0.000000	1.000000	1.000000	0.000000	0.000000	0	0	0
963	1	1	1	0.000000	1.000000	1.000000	0.000000	0.000000	0	0	0
964	62	1	0	0.000000	1.000000	1.000000	0.000000	0.000000	0	0	0
965	19	1	1	0.000000	1.000000	1.000000	0.000000	0.000000	0	0	0
966	16	1	2	0.000000	1.000000	1.000000	0.000000	0.000000	0	0	0
967	1	2	1	0.000000	3.000000	1.000000	0.000000	0.000000	0	0	0
968	15	1	1	0.000000	3.600000	2.666667	0.000000	0.000000	0	0	0
969	31	1	1	0.000000	1.000000	1.000000	0.000000	0.000000	0	0	0
970	55	1	0	0.000000	1.000000	1.000000	0.000000	0.000000	0	0	0
971	17	1	1	0.000000	1.000000	1.000000	0.000000	0.000000	0	0	0
972	13	1	1	0.000000	1.000000	1.000000	0.000000	0.000000	0	0	0
973	39	1	0	0.000000	1.000000	1.000000	0.000000	0.000000	0	0	0
974	19	1	1	0.000000	1.000000	1.000000	0.000000	0.000000	0	0	0
975	5	1	1	0.000000	1.000000	1.000000	0.000000	0.000000	0	0	0
976	25	1	1	0.000000	1.000000	1.000000	0.000000	0.000000	0	0	0
977	68	1	0	0.000000	1.000000	1.000000	0.000000	0.000000	0	0	0
978	19	1	1	0.000000	1.000000	1.000000	0.000000	0.000000	0	0	0
979	19	1	1	0.000000	1.000000	1.000000	0.000000	0.000000	0	0	0
980	1	1	1	0.000000	1.000000	1.000000	0.000000	0.000000	0	0	0
981	19	1	1	0.000000	1.000000	1.000000	0.000000	0.000000	0	0	0
982	2	1	2	0.000000	3.000000	2.000000	0.000000	0.000000	0	0	0
983	52	1	0	0.000000	1.000000	1.000000	0.000000	0.000000	0	0	0
984	19	1	1	0.000000	2.000000	1.105263	0.000000	0.000000	0	0	0
985	46	1	0	0.000000	1.000000	1.000000	0.000000	0.000000	0	0	0
986	19	1	1	0.000000	1.000000	1.000000	0.000000	0.000000	0	0	0
987	35	1	1	0.000000	1.000000	1.000000	0.000000	0.000000	0	0	0
988	55	1	0	0.000000	1.000000	1.000000	0.000000	0.000000	0	0	0
989	54	1	0	0.000000	1.000000	1.000000	0.000000	0.000000	0	0	0
990	38	1	0	0.000000	1.000000	1.000000	0.000000	0.000000	0	0	0
991	19	1	1	0.000000	1.000000	1.000000	0.000000	0.000000	0	0	0
992	19	1	1	0.000000	1.000000	1.000000	0.000000	0.000000	0	0	0
993	19	1	1	0.000000	1.000000	1.000000	0.000000	0.000000	0	0	0
994	53	1	0	0.000000	1.000000	1.000000	0.000000	0.000000	0	0	0
995	50	1	0	0.000000	1.000000	1.000000	0.000000	0.000000	0	0	0
996	1	1	1	0.000000	1.000000	1.000000	0.000000	0.000000	0	0	0
997	2	1	1	0.000000	1.000000	1.000000	0.000000	0.000000	0	0	0
998	16	1	1	0.000000	1.000000	1.000000	0.000000	0.000000	0	0	0
999	17	1	1	0.000000	1.000000	1.000000	0.000000	0.000000	0	0	0
1000	5	1	1	0.000000	1.000000	1.000000	0.000000	0.000000	0	0	0
1001	57	1	0	0.000000	1.000000	1.000000	0.000000	0.000000	0	0	0
1002	19	1	1	0.000000	1.000000	1.000000	0.000000	0.000000	0	0	0
1003	1	1	1	0.000000	8.000000	1.000000	0.000000	0.000000	0	0	0
1004	2	1	1	0.000000	1.000000	1.000000	0.000000	0.000000	0	0	0
1005	9	1	1	0.000000	16.111111	1.000000	0.000000	0.000000	0	0	0
1006	8	1	1	0.000000	1.000000	1.000000	0.000000	0.000000	0	0	0
1007	20	1	1	0.000000	1.000000	1.000000	0.000000	0.000000	0	0	0
1008	8	1	1	0.000000	1.000000	1.000000	0.000000	0.000000	0	0	0
1009	19	1	1	0.000000	1.000000	1.000000	0.000000	0.000000	0	0	0
1010	48	1	0	0.000000	1.000000	1.000000	0.000000	0.000000	0	0	0
1011	64	1	0	0.000000	1.000000	1.000000	0.000000	0.000000	0	0	0
1012	55	1	0	0.000000	1.000000	1.000000	0.000000	0.000000	0	0	0
1013	4	1	1	0.000000	1.000000	1.000000	0.000000	0.000000	0	0	0
1014	1	1	1	0.000000	1.000000	1.000000	0.000000	0.000000	0	0	0
1015	8	1	1	0.000000	1.000000	1.000000	0.000000	0.000000	0	0	0
1016	81	1	0	0.000000	1.000000	1.000000	0.000000	0.000000	0	0	0
1017	27	1	1	0.000000	1.000000	1.000000	0.000000	0.000000	0	0	0
1018	12	1	1	0.000000	1.000000	1.000000	0.000000	0.000000	0	0	0
1019	4	1	1	0.000000	1.000000	1.000000	0.000000	0.000000	0	0	0
1020	10	1	1	0.000000	1.000000	1.000000	0.000000	0.000000	0	0	0
1021	19	1	1	0.000000	1.000000	1.000000	0.000000	0.000000	0	0	0
1022	56	1	0	0.000000	1.000000	1.000000	0.000000	0.000000	0	0	0
1023	53	1	0	0.000000	1.000000	1.000000	0.000000	0.000000	0	0	0
1024	19	1	1	0.000000	1.000000	1.000000	0.000000	0.000000	0	0	0
1025	45	1	1	0.000000	1.000000	1.000000	0.000000	0.000000	0	0	0
1026	15	1	1	0.000000	1.000000	1.000000	0.000000	0.000000	0	0	0
1027	1	1	1	0.000000	1.000000	1.000000	0.000000	0.000000	0	0	0
1028	40	1	0	0.000000	1.000000	1.000000	0.000000	0.000000	0	0	0
1029	6	1	1	0.000000	1.000000	1.000000	0.000000	0.000000	0	0	0
1030	19	1	1	0.000000	1.000000	1.000000	0.000000	0.000000	0	0	0
1031	64	1	0	0.000000	1.000000	1.000000	0.000000	0.000000	0	0	0
