ID	lgth	out	in	long_cov	short1_cov	short1_Ocov	short2_cov	short2_Ocov	long_nb	short1_nb	short2_nb
1	61	1	1	0.000000	19.131148	17.950820	0.000000	0.000000	0	0	0
2	51	1	0	0.000000	1.000000	1.000000	0.000000	0.000000	0	0	0
3	148	2	2	0.000000	11.554054	10.270270	0.000000	0.000000	0	0	0
4	8	1	1	0.000000	10.500000	8.750000	0.000000	0.000000	0	0	0
5	39	1	2	0.000000	19.820513	19.615385	0.000000	0.000000	0	0	0
6	2	1	2	0.000000	45.000000	45.000000	0.000000	0.000000	0	0	0
7	1	2	2	0.000000	52.000000	52.000000	0.000000	0.000000	0	0	0
8	1	2	1	0.000000	27.000000	27.000000	0.000000	0.000000	0	0	0
9	38	1	1	0.000000	14.131579	13.473684	0.000000	0.000000	0	0	0
10	18	1	2	0.000000	19.444444	12.944444	0.000000	0.000000	0	0	0
11	6	2	2	0.000000	6.000000	6.000000	0.000000	0.000000	0	0	0
12	5	1	1	0.000000	7.400000	7.400000	0.000000	0.000000	0	0	0
13	2	2	2	0.000000	19.000000	19.000000	0.000000	0.000000	0	0	0
14	30	2	1	0.000000	15.133333	9.066667	0.000000	0.000000	0	0	0
15	5	1	1	0.000000	22.600000	18.400000	0.000000	0.000000	0	0	0
16	14	2	2	0.000000	22.142857	19.642857	0.000000	0.000000	0	0	0
17	6	1	1	0.000000	19.666667	18.333333	0.000000	0.000000	0	0	0
18	2	2	2	0.000000	20.000000	20.000000	0.000000	0.000000	0	0	0
19	2	2	1	0.000000	19.000000	19.000000	0.000000	0.000000	0	0	0
20	20	1	1	0.000000	19.700000	19.700000	0.000000	0.000000	0	0	0
21	109	2	2	0.000000	14.201835	14.201835	0.000000	0.000000	0	0	0
22	461	1	2	0.000000	14.427332	14.036876	0.000000	0.000000	0	0	0
23	52	1	1	0.000000	8.769231	8.769231	0.000000	0.000000	0	0	0
24	1	1	2	0.000000	15.000000	15.000000	0.000000	0.000000	0	0	0
25	1	2	2	0.000000	22.000000	22.000000	0.000000	0.000000	0	0	0
26	4	2	1	0.000000	22.000000	19.750000	0.000000	0.000000	0	0	0
27	1	1	1	0.000000	18.000000	9.000000	0.000000	0.000000	0	0	0
28	1	2	2	0.000000	23.000000	14.000000	0.000000	0.000000	0	0	0
29	18	1	1	0.000000	17.222222	8.222222	0.000000	0.000000	0	0	0
30	430	1	0	0.000000	17.469767	16.651163	0.000000	0.000000	0	0	0
31	17	3	1	0.000000	5.647059	5.647059	0.000000	0.000000	0	0	0
32	8	1	1	0.000000	4.000000	4.000000	0.000000	0.000000	0	0	0
33	6	3	2	0.000000	29.833333	20.000000	0.000000	0.000000	0	0	0
34	4	1	1	0.000000	11.500000	9.500000	0.000000	0.000000	0	0	0
35	7	2	3	0.000000	17.142857	16.142857	0.000000	0.000000	0	0	0
36	12	2	1	0.000000	17.083333	16.083333	0.000000	0.000000	0	0	0
37	6	2	1	0.000000	15.833333	15.833333	0.000000	0.000000	0	0	0
38	4	2	1	0.000000	12.750000	12.750000	0.000000	0.000000	0	0	0
39	130	1	0	0.000000	2.630769	2.630769	0.000000	0.000000	0	0	0
40	37	3	2	0.000000	28.243243	13.027027	0.000000	0.000000	0	0	0
41	273	1	2	0.000000	15.282051	15.098901	0.000000	0.000000	0	0	0
42	468	2	0	0.000000	9.482906	9.215812	0.000000	0.000000	0	0	0
43	13	1	1	0.000000	11.461538	11.461538	0.000000	0.000000	0	0	0
44	1	1	2	0.000000	46.000000	46.000000	0.000000	0.000000	0	0	0
45	1	1	3	0.000000	49.000000	47.000000	0.000000	0.000000	0	0	0
46	2	2	2	0.000000	52.500000	50.500000	0.000000	0.000000	0	0	0
47	2	4	1	0.000000	52.000000	50.000000	0.000000	0.000000	0	0	0
48	2	2	1	0.000000	25.500000	25.500000	0.000000	0.000000	0	0	0
49	2	2	1	0.000000	24.000000	24.000000	0.000000	0.000000	0	0	0
50	2	1	1	0.000000	9.000000	9.000000	0.000000	0.000000	0	0	0
51	17	1	2	0.000000	14.470588	14.176471	0.000000	0.000000	0	0	0
52	1	2	2	0.000000	18.000000	18.000000	0.000000	0.000000	0	0	0
53	1	2	2	0.000000	17.000000	17.000000	0.000000	0.000000	0	0	0
54	1	2	1	0.000000	8.000000	8.000000	0.000000	0.000000	0	0	0
55	4	1	1	0.000000	6.750000	6.750000	0.000000	0.000000	0	0	0
56	1	1	2	0.000000	11.000000	11.000000	0.000000	0.000000	0	0	0
57	1	1	2	0.000000	12.000000	12.000000	0.000000	0.000000	0	0	0
58	55	1	2	0.000000	6.600000	6.145455	0.000000	0.000000	0	0	0
59	1	2	2	0.000000	6.000000	6.000000	0.000000	0.000000	0	0	0
60	4	1	1	0.000000	5.000000	5.000000	0.000000	0.000000	0	0	0
61	431	1	2	0.000000	6.568445	6.308585	0.000000	0.000000	0	0	0
62	8	1	2	0.000000	10.875000	10.875000	0.000000	0.000000	0	0	0
63	653	0	2	0.000000	10.661562	10.120980	0.000000	0.000000	0	0	0
64	5	2	2	0.000000	20.400000	20.400000	0.000000	0.000000	0	0	0
65	10	2	1	0.000000	11.400000	11.400000	0.000000	0.000000	0	0	0
66	10	1	1	0.000000	10.000000	10.000000	0.000000	0.000000	0	0	0
67	8	2	2	0.000000	9.500000	9.500000	0.000000	0.000000	0	0	0
68	3	1	1	0.000000	8.000000	8.000000	0.000000	0.000000	0	0	0
69	4	1	2	0.000000	29.750000	24.500000	0.000000	0.000000	0	0	0
70	1	2	2	0.000000	29.000000	24.000000	0.000000	0.000000	0	0	0
71	5	1	1	0.000000	21.000000	15.800000	0.000000	0.000000	0	0	0
72	202	1	2	0.000000	13.049505	12.430693	0.000000	0.000000	0	0	0
73	8	1	2	0.000000	12.000000	12.000000	0.000000	0.000000	0	0	0
74	15	1	2	0.000000	10.733333	10.733333	0.000000	0.000000	0	0	0
75	117	2	2	0.000000	15.504274	15.170940	0.000000	0.000000	0	0	0
76	6	2	1	0.000000	20.166667	19.666667	0.000000	0.000000	0	0	0
77	4	2	1	0.000000	20.000000	20.000000	0.000000	0.000000	0	0	0
78	25	1	1	0.000000	1.000000	1.000000	0.000000	0.000000	0	0	0
79	6	1	2	0.000000	21.000000	21.000000	0.000000	0.000000	0	0	0
80	63	1	0	0.000000	1.000000	1.000000	0.000000	0.000000	0	0	0
81	2	2	2	0.000000	2.000000	2.000000	0.000000	0.000000	0	0	0
82	2	1	2	0.000000	3.500000	3.500000	0.000000	0.000000	0	0	0
83	3	1	2	0.000000	4.666667	4.666667	0.000000	0.000000	0	0	0
84	21	2	2	0.000000	11.476190	11.476190	0.000000	0.000000	0	0	0
85	2	2	2	0.000000	30.500000	20.000000	0.000000	0.000000	0	0	0
86	195	1	2	0.000000	17.076923	16.892308	0.000000	0.000000	0	0	0
87	268	1	1	0.000000	14.291045	13.705224	0.000000	0.000000	0	0	0
88	35	2	2	0.000000	16.628571	16.628571	0.000000	0.000000	0	0	0
89	2	1	1	0.000000	11.000000	11.000000	0.000000	0.000000	0	0	0
90	23	1	2	0.000000	11.652174	11.652174	0.000000	0.000000	0	0	0
91	85	1	2	0.000000	18.835294	17.105882	0.000000	0.000000	0	0	0
92	313	2	2	0.000000	18.006390	16.920128	0.000000	0.000000	0	0	0
93	25	1	1	0.000000	26.400000	22.000000	0.000000	0.000000	0	0	0
94	130	2	2	0.000000	16.692308	16.692308	0.000000	0.000000	0	0	0
95	25	1	2	0.000000	9.280000	9.280000	0.000000	0.000000	0	0	0
96	832	1	2	0.000000	14.284856	13.805288	0.000000	0.000000	0	0	0
97	636	1	1	0.000000	10.482704	10.072327	0.000000	0.000000	0	0	0
98	42	1	1	0.000000	12.023810	7.595238	0.000000	0.000000	0	0	0
99	3	2	2	0.000000	18.666667	14.333333	0.000000	0.000000	0	0	0
100	22	1	2	0.000000	19.227273	19.227273	0.000000	0.000000	0	0	0
101	309	2	2	0.000000	15.339806	14.524272	0.000000	0.000000	0	0	0
102	62	1	1	0.000000	14.209677	13.177419	0.000000	0.000000	0	0	0
103	32	2	1	0.000000	10.812500	10.031250	0.000000	0.000000	0	0	0
104	6	2	1	0.000000	10.333333	10.333333	0.000000	0.000000	0	0	0
105	1	1	1	0.000000	7.000000	7.000000	0.000000	0.000000	0	0	0
106	2	1	2	0.000000	25.000000	25.000000	0.000000	0.000000	0	0	0
107	3	2	1	0.000000	23.333333	23.333333	0.000000	0.000000	0	0	0
108	1	2	2	0.000000	26.000000	26.000000	0.000000	0.000000	0	0	0
109	7	2	1	0.000000	13.857143	13.857143	0.000000	0.000000	0	0	0
110	8	1	1	0.000000	7.750000	7.750000	0.000000	0.000000	0	0	0
111	7	2	2	0.000000	19.000000	18.000000	0.000000	0.000000	0	0	0
112	23	1	1	0.000000	8.173913	8.173913	0.000000	0.000000	0	0	0
113	8	3	1	0.000000	20.625000	16.500000	0.000000	0.000000	0	0	0
114	25	1	1	0.000000	1.000000	1.000000	0.000000	0.000000	0	0	0
115	26	1	2	0.000000	12.807692	12.807692	0.000000	0.000000	0	0	0
116	62	1	0	0.000000	1.000000	1.000000	0.000000	0.000000	0	0	0
117	2	1	2	0.000000	2.500000	2.500000	0.000000	0.000000	0	0	0
118	1	2	2	0.000000	11.000000	11.000000	0.000000	0.000000	0	0	0
119	1	3	2	0.000000	11.000000	11.000000	0.000000	0.000000	0	0	0
120	1	3	2	0.000000	16.000000	16.000000	0.000000	0.000000	0	0	0
121	1	3	3	0.000000	16.000000	16.000000	0.000000	0.000000	0	0	0
122	2	1	1	0.000000	9.500000	9.500000	0.000000	0.000000	0	0	0
123	1	1	2	0.000000	17.000000	17.000000	0.000000	0.000000	0	0	0
124	6	2	2	0.000000	18.666667	18.000000	0.000000	0.000000	0	0	0
125	42	1	2	0.000000	17.452381	16.833333	0.000000	0.000000	0	0	0
126	124	2	1	0.000000	9.306452	8.790323	0.000000	0.000000	0	0	0
127	273	1	2	0.000000	17.326007	16.772894	0.000000	0.000000	0	0	0
128	148	1	2	0.000000	13.729730	12.040541	0.000000	0.000000	0	0	0
129	2	2	2	0.000000	23.500000	21.500000	0.000000	0.000000	0	0	0
130	7	1	1	0.000000	23.857143	22.571429	0.000000	0.000000	0	0	0
131	2	1	2	0.000000	23.500000	23.500000	0.000000	0.000000	0	0	0
132	1	2	2	0.000000	28.000000	28.000000	0.000000	0.000000	0	0	0
133	1	3	1	0.000000	112.000000	76.000000	0.000000	0.000000	0	0	0
134	6	2	1	0.000000	3.000000	3.000000	0.000000	0.000000	0	0	0
135	15	1	2	0.000000	3.000000	3.000000	0.000000	0.000000	0	0	0
136	3	2	2	0.000000	4.000000	4.000000	0.000000	0.000000	0	0	0
137	1	1	1	0.000000	3.000000	3.000000	0.000000	0.000000	0	0	0
138	4	1	3	0.000000	102.250000	58.500000	0.000000	0.000000	0	0	0
139	2	1	2	0.000000	105.500000	69.500000	0.000000	0.000000	0	0	0
140	2	1	2	0.000000	109.500000	75.500000	0.000000	0.000000	0	0	0
141	1	3	2	0.000000	122.000000	80.000000	0.000000	0.000000	0	0	0
142	3	3	1	0.000000	107.666667	79.000000	0.000000	0.000000	0	0	0
143	7	1	1	0.000000	23.285714	16.714286	0.000000	0.000000	0	0	0
144	4	1	3	0.000000	89.000000	55.500000	0.000000	0.000000	0	0	0
145	1	1	3	0.000000	93.000000	51.000000	0.000000	0.000000	0	0	0
146	1	2	2	0.000000	85.000000	85.000000	0.000000	0.000000	0	0	0
147	2	1	1	0.000000	80.000000	72.500000	0.000000	0.000000	0	0	0
148	2	2	2	0.000000	36.500000	20.000000	0.000000	0.000000	0	0	0
149	92	1	1	0.000000	13.445652	13.173913	0.000000	0.000000	0	0	0
150	21	1	1	0.000000	20.000000	20.000000	0.000000	0.000000	0	0	0
151	4	1	2	0.000000	20.500000	20.500000	0.000000	0.000000	0	0	0
152	424	2	2	0.000000	15.662736	15.134434	0.000000	0.000000	0	0	0
153	88	1	2	0.000000	22.647727	22.022727	0.000000	0.000000	0	0	0
154	97	0	2	0.000000	12.886598	12.628866	0.000000	0.000000	0	0	0
155	123	1	2	0.000000	15.154472	14.691057	0.000000	0.000000	0	0	0
156	104	1	2	0.000000	21.788462	20.711538	0.000000	0.000000	0	0	0
157	26	2	2	0.000000	20.269231	1.269231	0.000000	0.000000	0	0	0
158	81	2	2	0.000000	20.135802	19.382716	0.000000	0.000000	0	0	0
159	19	1	1	0.000000	22.315789	21.315789	0.000000	0.000000	0	0	0
160	6	2	1	0.000000	7.833333	1.000000	0.000000	0.000000	0	0	0
161	10	1	1	0.000000	11.400000	5.900000	0.000000	0.000000	0	0	0
162	9	1	2	0.000000	13.333333	8.000000	0.000000	0.000000	0	0	0
163	3	2	2	0.000000	112.333333	19.000000	0.000000	0.000000	0	0	0
164	10	2	2	0.000000	80.500000	56.500000	0.000000	0.000000	0	0	0
165	1	1	1	0.000000	78.000000	52.000000	0.000000	0.000000	0	0	0
166	3	1	2	0.000000	76.000000	50.000000	0.000000	0.000000	0	0	0
167	112	1	1	0.000000	6.723214	6.276786	0.000000	0.000000	0	0	0
168	135	1	2	0.000000	16.392593	15.325926	0.000000	0.000000	0	0	0
169	51	1	0	0.000000	1.000000	1.000000	0.000000	0.000000	0	0	0
170	6	1	2	0.000000	2.000000	2.000000	0.000000	0.000000	0	0	0
171	2	2	2	0.000000	6.000000	6.000000	0.000000	0.000000	0	0	0
172	33	1	1	0.000000	17.696970	16.636364	0.000000	0.000000	0	0	0
173	3	2	2	0.000000	37.666667	37.666667	0.000000	0.000000	0	0	0
174	2	1	1	0.000000	16.000000	16.000000	0.000000	0.000000	0	0	0
175	149	2	2	0.000000	12.315436	11.711409	0.000000	0.000000	0	0	0
176	44	1	1	0.000000	1.886364	1.886364	0.000000	0.000000	0	0	0
177	86	1	2	0.000000	14.360465	14.360465	0.000000	0.000000	0	0	0
178	64	1	2	0.000000	19.046875	18.687500	0.000000	0.000000	0	0	0
179	8	2	2	0.000000	16.625000	14.625000	0.000000	0.000000	0	0	0
180	26	1	2	0.000000	7.923077	7.230769	0.000000	0.000000	0	0	0
181	46	2	2	0.000000	17.478261	17.478261	0.000000	0.000000	0	0	0
182	21	1	1	0.000000	12.619048	12.619048	0.000000	0.000000	0	0	0
183	4	1	2	0.000000	13.000000	13.000000	0.000000	0.000000	0	0	0
184	1	3	3	0.000000	42.000000	42.000000	0.000000	0.000000	0	0	0
185	4	1	1	0.000000	9.750000	9.750000	0.000000	0.000000	0	0	0
186	9	1	2	0.000000	10.555556	9.666667	0.000000	0.000000	0	0	0
187	16	2	2	0.000000	5.250000	3.062500	0.000000	0.000000	0	0	0
188	44	1	1	0.000000	1.295455	1.295455	0.000000	0.000000	0	0	0
189	1279	1	2	0.000000	13.655199	13.104769	0.000000	0.000000	0	0	0
190	63	1	0	0.000000	1.015873	1.015873	0.000000	0.000000	0	0	0
191	1	1	2	0.000000	6.000000	6.000000	0.000000	0.000000	0	0	0
192	668	1	2	0.000000	17.872754	17.149701	0.000000	0.000000	0	0	0
193	365	1	2	0.000000	16.520548	14.169863	0.000000	0.000000	0	0	0
194	25	1	1	0.000000	14.600000	14.600000	0.000000	0.000000	0	0	0
195	14	2	2	0.000000	15.285714	15.285714	0.000000	0.000000	0	0	0
196	16	1	1	0.000000	13.312500	13.312500	0.000000	0.000000	0	0	0
197	9	1	2	0.000000	15.222222	15.222222	0.000000	0.000000	0	0	0
198	8	1	2	0.000000	30.250000	20.500000	0.000000	0.000000	0	0	0
199	1	2	2	0.000000	41.000000	32.000000	0.000000	0.000000	0	0	0
200	3	2	2	0.000000	50.333333	50.333333	0.000000	0.000000	0	0	0
201	3	2	1	0.000000	34.333333	34.333333	0.000000	0.000000	0	0	0
202	52	1	0	0.000000	1.076923	1.076923	0.000000	0.000000	0	0	0
203	1	2	3	0.000000	8.000000	8.000000	0.000000	0.000000	0	0	0
204	1	3	3	0.000000	68.000000	68.000000	0.000000	0.000000	0	0	0
205	6	1	1	0.000000	4.833333	4.833333	0.000000	0.000000	0	0	0
206	247	2	2	0.000000	14.765182	13.534413	0.000000	0.000000	0	0	0
207	38	2	1	0.000000	7.605263	6.763158	0.000000	0.000000	0	0	0
208	130	1	2	0.000000	10.923077	10.246154	0.000000	0.000000	0	0	0
209	1	1	2	0.000000	10.000000	6.000000	0.000000	0.000000	0	0	0
210	234	1	2	0.000000	15.042735	14.713675	0.000000	0.000000	0	0	0
211	39	2	2	0.000000	19.871795	19.717949	0.000000	0.000000	0	0	0
212	13	2	1	0.000000	17.769231	17.769231	0.000000	0.000000	0	0	0
213	36	1	1	0.000000	12.611111	12.611111	0.000000	0.000000	0	0	0
214	75	1	0	0.000000	1.000000	1.000000	0.000000	0.000000	0	0	0
215	1	2	3	0.000000	6.000000	6.000000	0.000000	0.000000	0	0	0
216	529	1	2	0.000000	6.799622	6.578450	0.000000	0.000000	0	0	0
217	83	1	2	0.000000	12.445783	12.445783	0.000000	0.000000	0	0	0
218	33	1	1	0.000000	17.000000	17.000000	0.000000	0.000000	0	0	0
219	32	1	2	0.000000	13.593750	13.406250	0.000000	0.000000	0	0	0
220	24	1	2	0.000000	9.083333	9.083333	0.000000	0.000000	0	0	0
221	93	2	2	0.000000	7.053763	7.053763	0.000000	0.000000	0	0	0
222	120	1	2	0.000000	14.925000	14.375000	0.000000	0.000000	0	0	0
223	4	1	1	0.000000	1.000000	1.000000	0.000000	0.000000	0	0	0
224	23	2	2	0.000000	7.869565	7.869565	0.000000	0.000000	0	0	0
225	7	1	1	0.000000	11.571429	11.571429	0.000000	0.000000	0	0	0
226	3	2	2	0.000000	23.666667	23.666667	0.000000	0.000000	0	0	0
227	21	1	1	0.000000	16.619048	16.000000	0.000000	0.000000	0	0	0
228	673	0	2	0.000000	11.597325	11.184250	0.000000	0.000000	0	0	0
229	241	2	0	0.000000	15.228216	14.701245	0.000000	0.000000	0	0	0
230	107	2	2	0.000000	19.102804	18.327103	0.000000	0.000000	0	0	0
231	1	2	1	0.000000	3.000000	3.000000	0.000000	0.000000	0	0	0
232	1	1	1	0.000000	2.000000	2.000000	0.000000	0.000000	0	0	0
233	3	1	2	0.000000	5.666667	5.666667	0.000000	0.000000	0	0	0
234	1	1	2	0.000000	9.000000	9.000000	0.000000	0.000000	0	0	0
235	11	1	1	0.000000	10.909091	10.909091	0.000000	0.000000	0	0	0
236	1	1	2	0.000000	14.000000	14.000000	0.000000	0.000000	0	0	0
237	64	2	1	0.000000	15.609375	14.500000	0.000000	0.000000	0	0	0
238	4	2	1	0.000000	21.000000	19.000000	0.000000	0.000000	0	0	0
239	3	2	1	0.000000	19.000000	17.000000	0.000000	0.000000	0	0	0
240	21	2	1	0.000000	14.380952	13.619048	0.000000	0.000000	0	0	0
241	19	1	2	0.000000	12.421053	12.421053	0.000000	0.000000	0	0	0
242	9	1	1	0.000000	4.888889	4.888889	0.000000	0.000000	0	0	0
243	83	1	2	0.000000	8.192771	7.891566	0.000000	0.000000	0	0	0
244	88	1	2	0.000000	18.784091	17.045455	0.000000	0.000000	0	0	0
245	1	1	1	0.000000	21.000000	21.000000	0.000000	0.000000	0	0	0
246	1	1	2	0.000000	22.000000	22.000000	0.000000	0.000000	0	0	0
247	64	0	2	0.000000	9.937500	9.937500	0.000000	0.000000	0	0	0
248	23	1	3	0.000000	17.304348	16.565217	0.000000	0.000000	0	0	0
249	108	0	0	0.000000	3.472222	3.472222	0.000000	0.000000	0	0	0
250	36	2	2	0.000000	14.944444	14.027778	0.000000	0.000000	0	0	0
251	66	1	0	0.000000	1.060606	1.060606	0.000000	0.000000	0	0	0
252	682	1	2	0.000000	19.067449	18.099707	0.000000	0.000000	0	0	0
253	43	1	1	0.000000	13.069767	11.093023	0.000000	0.000000	0	0	0
254	50	2	1	0.000000	12.700000	12.700000	0.000000	0.000000	0	0	0
255	21	1	1	0.000000	7.142857	7.142857	0.000000	0.000000	0	0	0
256	50	1	0	0.000000	1.000000	1.000000	0.000000	0.000000	0	0	0
257	4	1	2	0.000000	17.000000	17.000000	0.000000	0.000000	0	0	0
258	28	2	2	0.000000	11.714286	11.071429	0.000000	0.000000	0	0	0
259	25	1	1	0.000000	10.400000	10.400000	0.000000	0.000000	0	0	0
260	8	2	1	0.000000	23.125000	20.500000	0.000000	0.000000	0	0	0
261	25	1	1	0.000000	12.920000	12.080000	0.000000	0.000000	0	0	0
262	45	1	1	0.000000	20.377778	18.200000	0.000000	0.000000	0	0	0
263	25	1	1	0.000000	2.000000	1.160000	0.000000	0.000000	0	0	0
264	2	1	2	0.000000	11.000000	9.000000	0.000000	0.000000	0	0	0
265	1	2	1	0.000000	9.000000	6.000000	0.000000	0.000000	0	0	0
266	10	1	1	0.000000	6.900000	5.700000	0.000000	0.000000	0	0	0
267	67	1	0	0.000000	1.000000	1.000000	0.000000	0.000000	0	0	0
268	41	1	3	0.000000	11.853659	11.146341	0.000000	0.000000	0	0	0
269	6	1	1	0.000000	13.333333	13.333333	0.000000	0.000000	0	0	0
270	4	1	2	0.000000	31.250000	17.750000	0.000000	0.000000	0	0	0
271	5	3	3	0.000000	32.000000	18.200000	0.000000	0.000000	0	0	0
272	10	1	1	0.000000	10.700000	10.600000	0.000000	0.000000	0	0	0
273	44	1	2	0.000000	7.818182	7.068182	0.000000	0.000000	0	0	0
274	112	1	2	0.000000	17.196429	15.750000	0.000000	0.000000	0	0	0
275	21	1	1	0.000000	14.714286	5.571429	0.000000	0.000000	0	0	0
276	198	2	2	0.000000	13.646465	12.914141	0.000000	0.000000	0	0	0
277	25	1	1	0.000000	15.120000	15.120000	0.000000	0.000000	0	0	0
278	134	1	1	0.000000	8.194030	8.007463	0.000000	0.000000	0	0	0
279	9	2	2	0.000000	9.777778	9.777778	0.000000	0.000000	0	0	0
280	23	2	1	0.000000	5.608696	5.608696	0.000000	0.000000	0	0	0
281	2	1	1	0.000000	4.500000	4.500000	0.000000	0.000000	0	0	0
282	32	2	2	0.000000	9.593750	9.593750	0.000000	0.000000	0	0	0
283	863	1	2	0.000000	16.779838	16.243337	0.000000	0.000000	0	0	0
284	25	1	1	0.000000	1.000000	1.000000	0.000000	0.000000	0	0	0
285	14	2	1	0.000000	1.071429	1.071429	0.000000	0.000000	0	0	0
286	36	1	1	0.000000	1.000000	1.000000	0.000000	0.000000	0	0	0
287	73	1	2	0.000000	11.739726	10.397260	0.000000	0.000000	0	0	0
288	2	2	1	0.000000	24.500000	7.000000	0.000000	0.000000	0	0	0
289	9	2	2	0.000000	39.111111	36.666667	0.000000	0.000000	0	0	0
290	7	2	1	0.000000	24.714286	24.714286	0.000000	0.000000	0	0	0
291	55	1	0	0.000000	1.000000	1.000000	0.000000	0.000000	0	0	0
292	12	1	2	0.000000	20.000000	2.000000	0.000000	0.000000	0	0	0
293	60	1	0	0.000000	1.050000	1.050000	0.000000	0.000000	0	0	0
294	1	1	3	0.000000	8.000000	8.000000	0.000000	0.000000	0	0	0
295	15	1	1	0.000000	17.200000	17.200000	0.000000	0.000000	0	0	0
296	18	1	2	0.000000	19.888889	19.888889	0.000000	0.000000	0	0	0
297	25	1	1	0.000000	15.640000	14.680000	0.000000	0.000000	0	0	0
298	56	1	0	0.000000	1.035714	1.035714	0.000000	0.000000	0	0	0
299	47	1	2	0.000000	19.234043	19.234043	0.000000	0.000000	0	0	0
300	64	1	0	0.000000	1.000000	1.000000	0.000000	0.000000	0	0	0
301	1	2	2	0.000000	4.000000	4.000000	0.000000	0.000000	0	0	0
302	1	1	1	0.000000	10.000000	10.000000	0.000000	0.000000	0	0	0
303	1	2	2	0.000000	12.000000	12.000000	0.000000	0.000000	0	0	0
304	1	2	1	0.000000	9.000000	9.000000	0.000000	0.000000	0	0	0
305	82	1	1	0.000000	8.573171	8.268293	0.000000	0.000000	0	0	0
306	25	1	1	0.000000	1.240000	1.240000	0.000000	0.000000	0	0	0
307	1	2	1	0.000000	18.000000	18.000000	0.000000	0.000000	0	0	0
308	32	2	1	0.000000	12.156250	11.656250	0.000000	0.000000	0	0	0
309	9	1	1	0.000000	16.222222	15.222222	0.000000	0.000000	0	0	0
310	55	1	0	0.000000	1.000000	1.000000	0.000000	0.000000	0	0	0
311	8	1	2	0.000000	15.625000	15.625000	0.000000	0.000000	0	0	0
312	5	1	1	0.000000	2.800000	2.800000	0.000000	0.000000	0	0	0
313	11	1	1	0.000000	1.000000	1.000000	0.000000	0.000000	0	0	0
314	14	1	2	0.000000	1.285714	1.285714	0.000000	0.000000	0	0	0
315	3	1	1	0.000000	11.000000	11.000000	0.000000	0.000000	0	0	0
316	7	2	2	0.000000	10.857143	10.857143	0.000000	0.000000	0	0	0
317	4	1	1	0.000000	8.000000	8.000000	0.000000	0.000000	0	0	0
318	1	1	3	0.000000	113.000000	17.000000	0.000000	0.000000	0	0	0
319	45	2	1	0.000000	12.800000	1.511111	0.000000	0.000000	0	0	0
320	8	1	1	0.000000	1.000000	1.000000	0.000000	0.000000	0	0	0
321	52	1	1	0.000000	1.115385	1.115385	0.000000	0.000000	0	0	0
322	110	1	2	0.000000	9.809091	8.090909	0.000000	0.000000	0	0	0
323	52	2	1	0.000000	8.192308	8.192308	0.000000	0.000000	0	0	0
324	137	0	2	0.000000	8.299270	8.299270	0.000000	0.000000	0	0	0
325	83	1	2	0.000000	5.096386	4.795181	0.000000	0.000000	0	0	0
326	1	2	3	0.000000	16.000000	16.000000	0.000000	0.000000	0	0	0
327	34	1	2	0.000000	12.764706	11.470588	0.000000	0.000000	0	0	0
328	76	1	1	0.000000	14.592105	14.381579	0.000000	0.000000	0	0	0
329	60	1	0	0.000000	1.000000	1.000000	0.000000	0.000000	0	0	0
330	622	0	2	0.000000	8.966238	8.692926	0.000000	0.000000	0	0	0
331	23	2	2	0.000000	13.565217	13.565217	0.000000	0.000000	0	0	0
332	61	1	0	0.000000	1.000000	1.000000	0.000000	0.000000	0	0	0
333	6	1	2	0.000000	2.000000	2.000000	0.000000	0.000000	0	0	0
334	54	0	2	0.000000	1.148148	1.148148	0.000000	0.000000	0	0	0
335	112	2	1	0.000000	5.785714	5.785714	0.000000	0.000000	0	0	0
336	25	1	1	0.000000	6.680000	6.680000	0.000000	0.000000	0	0	0
337	10	1	2	0.000000	9.600000	9.600000	0.000000	0.000000	0	0	0
338	9	1	1	0.000000	9.666667	9.666667	0.000000	0.000000	0	0	0
339	5	1	1	0.000000	10.200000	10.200000	0.000000	0.000000	0	0	0
340	25	1	1	0.000000	11.040000	10.280000	0.000000	0.000000	0	0	0
341	3	2	1	0.000000	20.000000	8.000000	0.000000	0.000000	0	0	0
342	24	1	1	0.000000	10.541667	9.708333	0.000000	0.000000	0	0	0
343	25	1	1	0.000000	1.040000	1.040000	0.000000	0.000000	0	0	0
344	5	2	2	0.000000	20.400000	20.400000	0.000000	0.000000	0	0	0
345	4	2	1	0.000000	18.500000	18.500000	0.000000	0.000000	0	0	0
346	2	2	2	0.000000	18.500000	18.500000	0.000000	0.000000	0	0	0
347	10	1	1	0.000000	15.600000	15.600000	0.000000	0.000000	0	0	0
348	3	1	2	0.000000	1.666667	1.666667	0.000000	0.000000	0	0	0
349	1	2	2	0.000000	6.000000	6.000000	0.000000	0.000000	0	0	0
350	51	1	0	0.000000	1.000000	1.000000	0.000000	0.000000	0	0	0
351	314	1	2	0.000000	16.878981	16.168790	0.000000	0.000000	0	0	0
352	58	1	0	0.000000	1.000000	1.000000	0.000000	0.000000	0	0	0
353	7	1	2	0.000000	11.857143	9.142857	0.000000	0.000000	0	0	0
354	327	0	2	0.000000	9.853211	9.602446	0.000000	0.000000	0	0	0
355	17	1	1	0.000000	12.411765	12.411765	0.000000	0.000000	0	0	0
356	192	2	0	0.000000	11.666667	11.255208	0.000000	0.000000	0	0	0
357	24	2	1	0.000000	12.791667	12.791667	0.000000	0.000000	0	0	0
358	1	1	1	0.000000	9.000000	9.000000	0.000000	0.000000	0	0	0
359	91	1	0	0.000000	1.043956	1.043956	0.000000	0.000000	0	0	0
360	14	1	1	0.000000	2.000000	2.000000	0.000000	0.000000	0	0	0
361	1	1	1	0.000000	2.000000	2.000000	0.000000	0.000000	0	0	0
362	74	1	0	0.000000	1.000000	1.000000	0.000000	0.000000	0	0	0
363	20	1	1	0.000000	1.100000	1.100000	0.000000	0.000000	0	0	0
364	5	2	3	0.000000	2.200000	2.200000	0.000000	0.000000	0	0	0
365	25	1	1	0.000000	1.000000	1.000000	0.000000	0.000000	0	0	0
366	2	1	2	0.000000	3.000000	2.000000	0.000000	0.000000	0	0	0
367	6	1	3	0.000000	6.666667	5.666667	0.000000	0.000000	0	0	0
368	1	1	2	0.000000	9.000000	9.000000	0.000000	0.000000	0	0	0
369	25	1	1	0.000000	11.920000	11.920000	0.000000	0.000000	0	0	0
370	37	2	2	0.000000	12.594595	12.108108	0.000000	0.000000	0	0	0
371	39	2	1	0.000000	13.179487	13.000000	0.000000	0.000000	0	0	0
372	193	2	2	0.000000	15.917098	14.974093	0.000000	0.000000	0	0	0
373	44	1	1	0.000000	8.500000	6.727273	0.000000	0.000000	0	0	0
374	9	1	2	0.000000	22.555556	20.555556	0.000000	0.000000	0	0	0
375	6	1	1	0.000000	21.833333	13.833333	0.000000	0.000000	0	0	0
376	4	1	1	0.000000	10.000000	10.000000	0.000000	0.000000	0	0	0
377	5	1	1	0.000000	4.800000	4.800000	0.000000	0.000000	0	0	0
378	1	1	2	0.000000	6.000000	6.000000	0.000000	0.000000	0	0	0
379	64	1	1	0.000000	6.968750	6.968750	0.000000	0.000000	0	0	0
380	7	2	1	0.000000	16.857143	16.857143	0.000000	0.000000	0	0	0
381	18	1	1	0.000000	16.500000	16.500000	0.000000	0.000000	0	0	0
382	20	1	2	0.000000	18.950000	17.950000	0.000000	0.000000	0	0	0
383	33	1	2	0.000000	11.393939	10.878788	0.000000	0.000000	0	0	0
384	64	1	0	0.000000	1.000000	1.000000	0.000000	0.000000	0	0	0
385	2	1	2	0.000000	4.000000	4.000000	0.000000	0.000000	0	0	0
386	51	1	0	0.000000	1.000000	1.000000	0.000000	0.000000	0	0	0
387	274	1	2	0.000000	16.733577	15.879562	0.000000	0.000000	0	0	0
388	8	2	2	0.000000	8.125000	8.125000	0.000000	0.000000	0	0	0
389	12	1	1	0.000000	7.416667	7.416667	0.000000	0.000000	0	0	0
390	4	2	2	0.000000	9.000000	9.000000	0.000000	0.000000	0	0	0
391	1	1	1	0.000000	8.000000	8.000000	0.000000	0.000000	0	0	0
392	2	2	3	0.000000	11.000000	11.000000	0.000000	0.000000	0	0	0
393	6	1	1	0.000000	8.833333	8.833333	0.000000	0.000000	0	0	0
394	49	1	2	0.000000	9.653061	9.653061	0.000000	0.000000	0	0	0
395	66	1	0	0.000000	1.000000	1.000000	0.000000	0.000000	0	0	0
396	3	1	2	0.000000	2.000000	2.000000	0.000000	0.000000	0	0	0
397	3	1	2	0.000000	16.666667	4.000000	0.000000	0.000000	0	0	0
398	25	1	2	0.000000	11.120000	11.120000	0.000000	0.000000	0	0	0
399	39	2	2	0.000000	14.435897	14.435897	0.000000	0.000000	0	0	0
400	55	1	0	0.000000	1.054545	1.054545	0.000000	0.000000	0	0	0
401	32	1	2	0.000000	12.750000	9.406250	0.000000	0.000000	0	0	0
402	12	1	1	0.000000	19.750000	7.666667	0.000000	0.000000	0	0	0
403	13	2	2	0.000000	7.538462	7.538462	0.000000	0.000000	0	0	0
404	146	2	2	0.000000	12.945205	12.452055	0.000000	0.000000	0	0	0
405	1	2	2	0.000000	3.000000	3.000000	0.000000	0.000000	0	0	0
406	1	1	2	0.000000	4.000000	4.000000	0.000000	0.000000	0	0	0
407	1	1	2	0.000000	6.000000	6.000000	0.000000	0.000000	0	0	0
408	11	2	2	0.000000	7.181818	6.181818	0.000000	0.000000	0	0	0
409	20	2	1	0.000000	5.100000	4.950000	0.000000	0.000000	0	0	0
410	19	2	1	0.000000	1.315789	1.315789	0.000000	0.000000	0	0	0
411	1	2	4	0.000000	5.000000	5.000000	0.000000	0.000000	0	0	0
412	8	1	1	0.000000	5.875000	4.875000	0.000000	0.000000	0	0	0
413	74	1	0	0.000000	1.013514	1.013514	0.000000	0.000000	0	0	0
414	6	1	1	0.000000	7.500000	2.000000	0.000000	0.000000	0	0	0
415	2	1	2	0.000000	9.500000	4.500000	0.000000	0.000000	0	0	0
416	65	1	0	0.000000	1.000000	1.000000	0.000000	0.000000	0	0	0
417	68	1	0	0.000000	1.000000	1.000000	0.000000	0.000000	0	0	0
418	2	2	2	0.000000	26.000000	26.000000	0.000000	0.000000	0	0	0
419	2	1	1	0.000000	20.500000	20.500000	0.000000	0.000000	0	0	0
420	46	1	1	0.000000	2.021739	2.021739	0.000000	0.000000	0	0	0
421	11	1	2	0.000000	12.909091	12.909091	0.000000	0.000000	0	0	0
422	42	1	1	0.000000	2.428571	2.428571	0.000000	0.000000	0	0	0
423	5	2	2	0.000000	6.000000	6.000000	0.000000	0.000000	0	0	0
424	46	1	1	0.000000	4.717391	4.717391	0.000000	0.000000	0	0	0
425	25	1	1	0.000000	1.000000	1.000000	0.000000	0.000000	0	0	0
426	56	1	1	0.000000	1.000000	1.000000	0.000000	0.000000	0	0	0
427	49	1	1	0.000000	1.000000	1.000000	0.000000	0.000000	0	0	0
428	10	1	1	0.000000	1.000000	1.000000	0.000000	0.000000	0	0	0
429	1	1	1	0.000000	1.000000	1.000000	0.000000	0.000000	0	0	0
430	10	1	2	0.000000	3.000000	2.000000	0.000000	0.000000	0	0	0
431	5	2	2	0.000000	11.800000	3.000000	0.000000	0.000000	0	0	0
432	10	1	1	0.000000	1.000000	1.000000	0.000000	0.000000	0	0	0
433	62	0	1	0.000000	4.661290	4.661290	0.000000	0.000000	0	0	0
434	6	1	1	0.000000	4.000000	4.000000	0.000000	0.000000	0	0	0
435	1	2	2	0.000000	4.000000	4.000000	0.000000	0.000000	0	0	0
436	3	2	1	0.000000	3.000000	3.000000	0.000000	0.000000	0	0	0
437	5	1	1	0.000000	2.400000	2.400000	0.000000	0.000000	0	0	0
438	3	1	2	0.000000	3.000000	3.000000	0.000000	0.000000	0	0	0
439	1	2	2	0.000000	4.000000	4.000000	0.000000	0.000000	0	0	0
440	6	1	1	0.000000	1.000000	1.000000	0.000000	0.000000	0	0	0
441	15	1	1	0.000000	1.000000	1.000000	0.000000	0.000000	0	0	0
442	6	1	1	0.000000	3.166667	3.166667	0.000000	0.000000	0	0	0
443	1	2	2	0.000000	67.000000	67.000000	0.000000	0.000000	0	0	0
444	62	1	0	0.000000	1.000000	1.000000	0.000000	0.000000	0	0	0
445	19	1	1	0.000000	4.105263	3.210526	0.000000	0.000000	0	0	0
446	64	1	0	0.000000	1.000000	1.000000	0.000000	0.000000	0	0	0
447	3	1	2	0.000000	2.000000	2.000000	0.000000	0.000000	0	0	0
448	3	1	2	0.000000	3.333333	3.333333	0.000000	0.000000	0	0	0
449	312	1	2	0.000000	16.224359	14.278846	0.000000	0.000000	0	0	0
450	1	2	1	0.000000	10.000000	9.000000	0.000000	0.000000	0	0	0
451	25	1	1	0.000000	1.000000	1.000000	0.000000	0.000000	0	0	0
452	5	1	2	0.000000	2.800000	2.800000	0.000000	0.000000	0	0	0
453	64	1	0	0.000000	1.000000	1.000000	0.000000	0.000000	0	0	0
454	16	1	1	0.000000	5.062500	5.062500	0.000000	0.000000	0	0	0
455	2	1	1	0.000000	2.000000	2.000000	0.000000	0.000000	0	0	0
456	25	1	1	0.000000	2.000000	1.280000	0.000000	0.000000	0	0	0
457	18	1	1	0.000000	1.000000	1.000000	0.000000	0.000000	0	0	0
458	1	2	1	0.000000	4.000000	4.000000	0.000000	0.000000	0	0	0
459	57	1	0	0.000000	1.122807	1.122807	0.000000	0.000000	0	0	0
460	1	1	2	0.000000	3.000000	3.000000	0.000000	0.000000	0	0	0
461	7	1	2	0.000000	9.000000	9.000000	0.000000	0.000000	0	0	0
462	25	1	1	0.000000	1.000000	1.000000	0.000000	0.000000	0	0	0
463	60	1	0	0.000000	1.000000	1.000000	0.000000	0.000000	0	0	0
464	14	2	1	0.000000	1.642857	1.642857	0.000000	0.000000	0	0	0
465	25	1	1	0.000000	1.000000	1.000000	0.000000	0.000000	0	0	0
466	53	1	0	0.000000	1.132075	1.132075	0.000000	0.000000	0	0	0
467	77	2	0	0.000000	1.818182	1.818182	0.000000	0.000000	0	0	0
468	11	1	1	0.000000	3.000000	3.000000	0.000000	0.000000	0	0	0
469	59	1	0	0.000000	1.000000	1.000000	0.000000	0.000000	0	0	0
470	25	1	1	0.000000	1.000000	1.000000	0.000000	0.000000	0	0	0
471	1	2	1	0.000000	10.000000	5.000000	0.000000	0.000000	0	0	0
472	1	1	1	0.000000	1.000000	1.000000	0.000000	0.000000	0	0	0
473	1	1	1	0.000000	2.000000	2.000000	0.000000	0.000000	0	0	0
474	1	1	1	0.000000	3.000000	3.000000	0.000000	0.000000	0	0	0
475	62	1	0	0.000000	1.000000	1.000000	0.000000	0.000000	0	0	0
476	4	2	2	0.000000	2.000000	2.000000	0.000000	0.000000	0	0	0
477	2	1	1	0.000000	1.000000	1.000000	0.000000	0.000000	0	0	0
478	67	1	0	0.000000	1.268657	1.268657	0.000000	0.000000	0	0	0
479	25	1	1	0.000000	1.160000	1.160000	0.000000	0.000000	0	0	0
480	75	1	0	0.000000	1.106667	1.106667	0.000000	0.000000	0	0	0
481	1	1	2	0.000000	4.000000	4.000000	0.000000	0.000000	0	0	0
482	2	1	2	0.000000	5.000000	5.000000	0.000000	0.000000	0	0	0
483	703	1	2	0.000000	16.506401	15.988620	0.000000	0.000000	0	0	0
484	3	1	1	0.000000	5.000000	5.000000	0.000000	0.000000	0	0	0
485	7	1	2	0.000000	28.285714	3.428571	0.000000	0.000000	0	0	0
486	25	1	1	0.000000	1.000000	1.000000	0.000000	0.000000	0	0	0
487	1	1	1	0.000000	8.000000	8.000000	0.000000	0.000000	0	0	0
488	3	1	2	0.000000	9.000000	9.000000	0.000000	0.000000	0	0	0
489	3	1	2	0.000000	10.000000	10.000000	0.000000	0.000000	0	0	0
490	25	1	1	0.000000	1.000000	1.000000	0.000000	0.000000	0	0	0
491	66	1	0	0.000000	1.000000	1.000000	0.000000	0.000000	0	0	0
492	238	2	2	0.000000	6.542017	5.924370	0.000000	0.000000	0	0	0
493	9	1	1	0.000000	1.777778	1.777778	0.000000	0.000000	0	0	0
494	16	1	2	0.000000	1.500000	1.500000	0.000000	0.000000	0	0	0
495	25	1	1	0.000000	1.000000	1.000000	0.000000	0.000000	0	0	0
496	17	1	1	0.000000	1.000000	1.000000	0.000000	0.000000	0	0	0
497	1	1	1	0.000000	1.000000	1.000000	0.000000	0.000000	0	0	0
498	56	1	0	0.000000	1.000000	1.000000	0.000000	0.000000	0	0	0
499	57	1	0	0.000000	1.000000	1.000000	0.000000	0.000000	0	0	0
500	25	1	1	0.000000	1.000000	1.000000	0.000000	0.000000	0	0	0
501	64	0	0	0.000000	1.000000	1.000000	0.000000	0.000000	0	0	0
502	25	1	1	0.000000	1.000000	1.000000	0.000000	0.000000	0	0	0
503	25	1	1	0.000000	1.000000	1.000000	0.000000	0.000000	0	0	0
504	60	1	0	0.000000	1.000000	1.000000	0.000000	0.000000	0	0	0
505	25	1	1	0.000000	1.000000	1.000000	0.000000	0.000000	0	0	0
506	70	1	0	0.000000	1.000000	1.000000	0.000000	0.000000	0	0	0
507	25	1	1	0.000000	1.000000	1.000000	0.000000	0.000000	0	0	0
508	64	1	0	0.000000	1.078125	1.078125	0.000000	0.000000	0	0	0
509	6	1	1	0.000000	2.000000	1.000000	0.000000	0.000000	0	0	0
510	3	1	2	0.000000	3.000000	2.333333	0.000000	0.000000	0	0	0
511	25	1	1	0.000000	5.520000	2.720000	0.000000	0.000000	0	0	0
512	64	1	0	0.000000	1.000000	1.000000	0.000000	0.000000	0	0	0
513	11	1	1	0.000000	1.000000	1.000000	0.000000	0.000000	0	0	0
514	25	1	1	0.000000	1.000000	1.000000	0.000000	0.000000	0	0	0
515	3	1	1	0.000000	5.333333	5.333333	0.000000	0.000000	0	0	0
516	11	1	1	0.000000	1.000000	1.000000	0.000000	0.000000	0	0	0
517	44	1	1	0.000000	1.000000	1.000000	0.000000	0.000000	0	0	0
518	8	1	1	0.000000	1.875000	1.875000	0.000000	0.000000	0	0	0
519	50	1	0	0.000000	1.000000	1.000000	0.000000	0.000000	0	0	0
520	19	1	1	0.000000	1.578947	1.578947	0.000000	0.000000	0	0	0
521	61	1	1	0.000000	1.000000	1.000000	0.000000	0.000000	0	0	0
522	41	1	1	0.000000	1.000000	1.000000	0.000000	0.000000	0	0	0
523	34	1	1	0.000000	1.529412	1.529412	0.000000	0.000000	0	0	0
524	25	1	1	0.000000	1.200000	1.200000	0.000000	0.000000	0	0	0
525	6	1	1	0.000000	1.000000	1.000000	0.000000	0.000000	0	0	0
526	25	1	1	0.000000	1.000000	1.000000	0.000000	0.000000	0	0	0
527	51	1	1	0.000000	1.000000	1.000000	0.000000	0.000000	0	0	0
528	71	1	0	0.000000	1.056338	1.056338	0.000000	0.000000	0	0	0
529	3	2	1	0.000000	2.333333	2.333333	0.000000	0.000000	0	0	0
530	1	1	1	0.000000	2.000000	2.000000	0.000000	0.000000	0	0	0
531	1	1	2	0.000000	4.000000	4.000000	0.000000	0.000000	0	0	0
532	63	1	0	0.000000	1.000000	1.000000	0.000000	0.000000	0	0	0
533	62	1	0	0.000000	1.000000	1.000000	0.000000	0.000000	0	0	0
534	3	1	1	0.000000	2.333333	2.333333	0.000000	0.000000	0	0	0
535	68	1	0	0.000000	1.000000	1.000000	0.000000	0.000000	0	0	0
536	51	1	1	0.000000	1.921569	1.372549	0.000000	0.000000	0	0	0
537	25	1	1	0.000000	1.000000	1.000000	0.000000	0.000000	0	0	0
538	29	2	1	0.000000	1.068966	1.068966	0.000000	0.000000	0	0	0
539	25	1	1	0.000000	1.000000	1.000000	0.000000	0.000000	0	0	0
540	62	2	0	0.000000	1.080645	1.080645	0.000000	0.000000	0	0	0
541	30	1	1	0.000000	1.000000	1.000000	0.000000	0.000000	0	0	0
542	70	1	0	0.000000	1.000000	1.000000	0.000000	0.000000	0	0	0
543	3	1	1	0.000000	6.666667	6.666667	0.000000	0.000000	0	0	0
544	60	1	0	0.000000	1.000000	1.000000	0.000000	0.000000	0	0	0
545	55	1	0	0.000000	1.018182	1.018182	0.000000	0.000000	0	0	0
546	16	2	1	0.000000	2.000000	2.000000	0.000000	0.000000	0	0	0
547	9	1	1	0.000000	1.000000	1.000000	0.000000	0.000000	0	0	0
548	63	1	0	0.000000	1.000000	1.000000	0.000000	0.000000	0	0	0
549	54	1	0	0.000000	1.000000	1.000000	0.000000	0.000000	0	0	0
550	55	1	0	0.000000	1.000000	1.000000	0.000000	0.000000	0	0	0
551	1	1	2	0.000000	2.000000	2.000000	0.000000	0.000000	0	0	0
552	27	1	1	0.000000	1.000000	1.000000	0.000000	0.000000	0	0	0
553	59	1	0	0.000000	1.000000	1.000000	0.000000	0.000000	0	0	0
554	3	2	1	0.000000	21.666667	1.666667	0.000000	0.000000	0	0	0
555	5	1	1	0.000000	1.000000	1.000000	0.000000	0.000000	0	0	0
556	4	1	1	0.000000	1.000000	1.000000	0.000000	0.000000	0	0	0
557	51	1	0	0.000000	1.000000	1.000000	0.000000	0.000000	0	0	0
558	52	1	0	0.000000	1.000000	1.000000	0.000000	0.000000	0	0	0
559	57	1	0	0.000000	1.000000	1.000000	0.000000	0.000000	0	0	0
560	25	1	1	0.000000	1.120000	1.120000	0.000000	0.000000	0	0	0
561	3	1	1	0.000000	18.666667	4.333333	0.000000	0.000000	0	0	0
562	43	1	1	0.000000	1.000000	1.000000	0.000000	0.000000	0	0	0
563	62	1	0	0.000000	1.032258	1.032258	0.000000	0.000000	0	0	0
564	67	1	0	0.000000	1.000000	1.000000	0.000000	0.000000	0	0	0
565	63	1	0	0.000000	1.000000	1.000000	0.000000	0.000000	0	0	0
566	18	1	1	0.000000	1.000000	1.000000	0.000000	0.000000	0	0	0
567	56	1	1	0.000000	1.000000	1.000000	0.000000	0.000000	0	0	0
568	25	1	1	0.000000	1.000000	1.000000	0.000000	0.000000	0	0	0
569	50	1	0	0.000000	1.000000	1.000000	0.000000	0.000000	0	0	0
570	67	1	0	0.000000	1.000000	1.000000	0.000000	0.000000	0	0	0
571	1	2	2	0.000000	2.000000	2.000000	0.000000	0.000000	0	0	0
572	25	1	1	0.000000	1.000000	1.000000	0.000000	0.000000	0	0	0
573	34	1	1	0.000000	1.000000	1.000000	0.000000	0.000000	0	0	0
574	53	1	0	0.000000	1.000000	1.000000	0.000000	0.000000	0	0	0
575	57	1	0	0.000000	1.000000	1.000000	0.000000	0.000000	0	0	0
576	65	1	0	0.000000	1.000000	1.000000	0.000000	0.000000	0	0	0
577	59	1	0	0.000000	1.000000	1.000000	0.000000	0.000000	0	0	0
578	25	1	1	0.000000	1.000000	1.000000	0.000000	0.000000	0	0	0
579	65	1	0	0.000000	1.000000	1.000000	0.000000	0.000000	0	0	0
580	50	1	0	0.000000	1.000000	1.000000	0.000000	0.000000	0	0	0
581	52	1	0	0.000000	1.000000	1.000000	0.000000	0.000000	0	0	0
582	11	1	1	0.000000	1.000000	1.000000	0.000000	0.000000	0	0	0
583	11	2	1	0.000000	1.636364	1.636364	0.000000	0.000000	0	0	0
584	28	1	1	0.000000	1.000000	1.000000	0.000000	0.000000	0	0	0
585	54	1	1	0.000000	1.000000	1.000000	0.000000	0.000000	0	0	0
586	31	1	1	0.000000	1.000000	1.000000	0.000000	0.000000	0	0	0
587	65	1	0	0.000000	1.000000	1.000000	0.000000	0.000000	0	0	0
588	20	2	1	0.000000	1.200000	1.200000	0.000000	0.000000	0	0	0
589	35	1	1	0.000000	1.000000	1.000000	0.000000	0.000000	0	0	0
590	51	1	0	0.000000	1.000000	1.000000	0.000000	0.000000	0	0	0
591	72	1	0	0.000000	1.000000	1.000000	0.000000	0.000000	0	0	0
592	50	1	0	0.000000	1.000000	1.000000	0.000000	0.000000	0	0	0
593	75	1	0	0.000000	1.000000	1.000000	0.000000	0.000000	0	0	0
594	8	1	1	0.000000	1.000000	1.000000	0.000000	0.000000	0	0	0
595	66	1	0	0.000000	1.000000	1.000000	0.000000	0.000000	0	0	0
596	60	1	0	0.000000	1.000000	1.000000	0.000000	0.000000	0	0	0
597	25	1	1	0.000000	1.000000	1.000000	0.000000	0.000000	0	0	0
598	67	1	0	0.000000	1.000000	1.000000	0.000000	0.000000	0	0	0
599	1	1	1	0.000000	1.000000	1.000000	0.000000	0.000000	0	0	0
600	19	1	1	0.000000	1.000000	1.000000	0.000000	0.000000	0	0	0
601	17	1	1	0.000000	1.000000	1.000000	0.000000	0.000000	0	0	0
602	34	1	2	0.000000	1.176471	1.176471	0.000000	0.000000	0	0	0
603	7	1	1	0.000000	1.142857	1.142857	0.000000	0.000000	0	0	0
604	69	1	0	0.000000	1.000000	1.000000	0.000000	0.000000	0	0	0
605	6	1	1	0.000000	1.000000	1.000000	0.000000	0.000000	0	0	0
606	10	1	1	0.000000	1.000000	1.000000	0.000000	0.000000	0	0	0
607	3	1	1	0.000000	1.000000	1.000000	0.000000	0.000000	0	0	0
608	64	1	0	0.000000	1.000000	1.000000	0.000000	0.000000	0	0	0
609	24	1	1	0.000000	1.083333	1.083333	0.000000	0.000000	0	0	0
610	71	1	0	0.000000	1.000000	1.000000	0.000000	0.000000	0	0	0
611	5	1	1	0.000000	1.000000	1.000000	0.000000	0.000000	0	0	0
612	4	1	1	0.000000	1.000000	1.000000	0.000000	0.000000	0	0	0
613	33	1	1	0.000000	1.000000	1.000000	0.000000	0.000000	0	0	0
614	25	1	1	0.000000	1.000000	1.000000	0.000000	0.000000	0	0	0
615	67	1	0	0.000000	1.000000	1.000000	0.000000	0.000000	0	0	0
616	71	1	0	0.000000	1.000000	1.000000	0.000000	0.000000	0	0	0
617	62	1	1	0.000000	1.000000	1.000000	0.000000	0.000000	0	0	0
618	3	1	1	0.000000	1.000000	1.000000	0.000000	0.000000	0	0	0
619	68	1	0	0.000000	1.000000	1.000000	0.000000	0.000000	0	0	0
620	25	1	1	0.000000	1.000000	1.000000	0.000000	0.000000	0	0	0
621	20	1	1	0.000000	1.000000	1.000000	0.000000	0.000000	0	0	0
622	29	1	1	0.000000	1.000000	1.000000	0.000000	0.000000	0	0	0
623	52	1	0	0.000000	1.000000	1.000000	0.000000	0.000000	0	0	0
624	55	1	0	0.000000	1.000000	1.000000	0.000000	0.000000	0	0	0
625	25	1	1	0.000000	1.000000	1.000000	0.000000	0.000000	0	0	0
626	75	1	0	0.000000	1.000000	1.000000	0.000000	0.000000	0	0	0
627	73	1	0	0.000000	1.000000	1.000000	0.000000	0.000000	0	0	0
628	53	1	0	0.000000	1.000000	1.000000	0.000000	0.000000	0	0	0
629	50	1	0	0.000000	1.000000	1.000000	0.000000	0.000000	0	0	0
630	25	1	1	0.000000	1.000000	1.000000	0.000000	0.000000	0	0	0
631	66	1	0	0.000000	1.000000	1.000000	0.000000	0.000000	0	0	0
632	14	1	1	0.000000	1.000000	1.000000	0.000000	0.000000	0	0	0
633	25	1	1	0.000000	1.000000	1.000000	0.000000	0.000000	0	0	0
634	64	1	0	0.000000	1.000000	1.000000	0.000000	0.000000	0	0	0
635	2	1	1	0.000000	1.000000	1.000000	0.000000	0.000000	0	0	0
636	14	1	1	0.000000	1.000000	1.000000	0.000000	0.000000	0	0	0
637	45	1	1	0.000000	1.000000	1.000000	0.000000	0.000000	0	0	0
638	25	1	1	0.000000	1.000000	1.000000	0.000000	0.000000	0	0	0
639	14	1	1	0.000000	1.000000	1.000000	0.000000	0.000000	0	0	0
640	56	1	0	0.000000	1.000000	1.000000	0.000000	0.000000	0	0	0
641	53	1	0	0.000000	1.000000	1.000000	0.000000	0.000000	0	0	0
642	25	1	1	0.000000	1.000000	1.000000	0.000000	0.000000	0	0	0
643	5	1	1	0.000000	1.000000	1.000000	0.000000	0.000000	0	0	0
644	5	1	1	0.000000	1.000000	1.000000	0.000000	0.000000	0	0	0
645	25	1	1	0.000000	1.000000	1.000000	0.000000	0.000000	0	0	0
