102	0	13	1
ROADMAP 1
ROADMAP 2
ROADMAP 3
ROADMAP 4
2	42	0	46
ROADMAP 5
3	21	6	73
ROADMAP 6
ROADMAP 7
5	0	5	21
3	0	6	78
ROADMAP 8
ROADMAP 9
5	27	0	21
3	27	6	46
ROADMAP 10
1	60	0	28
ROADMAP 11
6	0	11	88
ROADMAP 12
10	20	0	60
1	20	0	8
ROADMAP 13
12	39	0	20
10	39	0	29
ROADMAP 14
ROADMAP 15
1	0	16	88
ROADMAP 16
12	0	9	20
10	0	0	28
10	13	41	60
1	13	0	17
ROADMAP 17
14	0	22	88
ROADMAP 18
14	0	54	88
17	0	0	22
ROADMAP 19
9	9	0	27
5	9	0	21
3	9	6	37
ROADMAP 20
4	26	0	42
2	26	0	20
ROADMAP 21
12	0	8	20
10	0	0	60
1	0	0	16
ROADMAP 22
13	22	0	39
12	22	0	20
10	22	0	7
ROADMAP 23
8	0	28	88
ROADMAP 24
6	0	27	88
11	0	0	11
ROADMAP 25
2	0	61	88
6	60	0	1
ROADMAP 26
20	13	0	26
4	13	0	42
2	13	0	7
ROADMAP 27
22	7	0	22
13	7	0	39
12	7	0	20
ROADMAP 28
14	0	58	88
17	0	0	22
18	0	0	32
ROADMAP 29
6	0	23	88
11	0	0	11
24	0	0	12
ROADMAP 30
22	0	15	22
13	0	0	39
12	0	0	20
10	0	0	22
ROADMAP 31
22	0	14	22
13	0	0	39
12	0	0	20
10	0	0	21
ROADMAP 32
5	0	3	8
3	7	0	76
ROADMAP 33
20	0	9	26
4	0	0	42
2	0	0	29
ROADMAP 34
10	0	4	60
1	0	0	32
ROADMAP 35
2	0	83	88
25	0	0	60
6	0	0	23
ROADMAP 36
25	0	55	60
6	0	0	83
ROADMAP 37
26	0	8	13
20	0	0	26
4	0	0	42
2	0	0	15
ROADMAP 38
14	0	49	88
17	0	0	22
18	0	0	27
ROADMAP 39
14	0	11	88
17	0	0	11
ROADMAP 40
4	9	21	42
2	9	0	58
ROADMAP 41
22	0	17	22
13	0	0	39
12	0	0	20
10	0	0	24
ROADMAP 42
8	42	0	46
ROADMAP 43
8	0	72	88
23	0	0	13
23	13	26	28
27	18	0	7
22	18	0	22
13	18	0	10
ROADMAP 44
42	0	10	25
42	13	38	42
8	13	0	56
ROADMAP 45
14	0	44	88
17	0	0	22
18	0	0	22
ROADMAP 46
15	0	8	16
26	3	0	13
20	3	0	26
4	3	0	38
ROADMAP 47
11	15	3	11
24	15	0	4
19	29	0	9
9	29	0	27
5	29	0	8
32	29	0	3
ROADMAP 48
23	0	0	13
43	0	0	13
23	0	26	28
43	0	13	18
27	0	0	7
22	0	0	22
13	0	0	26
ROADMAP 49
2	0	13	88
25	0	0	13
ROADMAP 50
8	0	7	88
23	0	0	7
ROADMAP 51
2	0	39	88
25	0	0	39
ROADMAP 52
17	0	9	22
18	0	0	32
28	0	0	4
42	18	0	21
ROADMAP 53
4	0	41	42
2	0	0	85
ROADMAP 54
10	0	52	60
1	0	0	80
ROADMAP 55
6	0	75	88
11	0	0	11
24	0	0	16
47	1	28	29
19	1	0	9
9	1	0	27
5	1	0	10
ROADMAP 56
2	0	6	88
25	0	0	6
ROADMAP 57
24	0	8	16
55	0	0	1
47	0	28	29
19	0	0	9
9	0	0	27
5	0	0	21
3	0	6	27
ROADMAP 58
2	0	64	88
25	0	0	60
6	0	0	4
ROADMAP 59
52	0	15	18
42	0	0	42
8	0	0	43
ROADMAP 60
20	0	22	26
4	0	0	42
2	0	0	42
ROADMAP 61
13	0	3	39
12	0	0	20
10	0	0	32
ROADMAP 62
6	0	66	88
11	0	0	11
24	0	0	16
55	0	0	1
47	0	28	29
19	0	0	9
9	0	0	27
5	0	0	1
ROADMAP 63
52	0	4	18
42	0	0	42
8	0	0	32
ROADMAP 64
22	0	8	22
13	0	0	39
12	0	0	20
10	0	0	4
ROADMAP 65
15	0	3	16
46	0	0	3
26	0	0	13
20	0	0	26
4	0	0	33
ROADMAP 66
24	0	11	16
55	0	0	1
47	0	28	29
19	0	0	9
9	0	0	27
5	0	0	21
3	0	6	30
ROADMAP 67
6	0	23	88
11	0	0	11
24	0	0	12
ROADMAP 68
14	0	35	84
17	13	9	22
18	13	0	7
ROADMAP 69
25	0	17	60
6	0	0	45
ROADMAP 70
18	0	12	32
28	0	0	4
52	0	0	18
42	0	0	42
8	0	0	4
ROADMAP 71
12	9	7	20
10	9	0	21
10	22	34	60
1	22	0	6
ROADMAP 72
2	0	85	88
25	0	0	60
6	0	0	25
ROADMAP 73
26	0	4	13
20	0	0	26
4	0	0	42
2	0	0	11
ROADMAP 74
8	0	73	88
23	0	0	13
43	0	0	13
23	0	26	28
43	0	13	18
27	0	0	7
22	0	0	22
13	0	0	11
ROADMAP 75
1	12	68	88
15	12	0	16
46	12	0	3
26	12	0	13
20	12	0	24
ROADMAP 76
4	0	18	42
2	0	0	64
ROADMAP 77
12	0	3	20
10	0	0	60
1	0	0	11
ROADMAP 78
43	0	1	13
23	0	26	28
43	0	13	18
27	0	0	7
22	0	0	22
13	0	0	39
12	0	0	1
ROADMAP 79
14	0	34	88
17	0	0	22
18	0	0	12
ROADMAP 80
6	0	77	88
11	0	0	11
24	0	0	16
55	0	0	1
47	0	28	29
19	0	0	9
9	0	0	27
5	0	0	12
ROADMAP 81
2	0	34	88
25	0	0	34
ROADMAP 82
10	0	24	60
1	0	0	52
ROADMAP 83
15	0	12	16
46	0	0	3
26	0	0	13
20	0	0	26
4	0	0	42
ROADMAP 84
1	0	34	88
15	0	0	16
46	0	0	3
26	0	0	13
20	0	0	2
ROADMAP 85
12	8	11	20
10	8	0	60
1	8	0	11
ROADMAP 86
8	0	59	88
23	0	0	13
43	0	0	13
23	0	26	28
43	0	13	18
27	0	0	7
22	0	0	19
ROADMAP 87
14	0	62	88
17	0	0	22
18	0	0	32
28	0	0	4
52	0	0	4
ROADMAP 88
9	0	9	23
5	13	9	21
3	13	6	55
ROADMAP 89
22	0	16	22
13	0	0	39
12	0	0	20
10	0	0	23
ROADMAP 90
8	0	5	88
23	0	0	5
ROADMAP 91
22	0	7	22
13	0	0	39
12	0	0	20
10	0	0	14
ROADMAP 92
10	0	27	60
1	0	0	55
ROADMAP 93
14	0	79	88
17	0	0	22
18	0	0	32
28	0	0	4
52	0	0	18
42	0	0	3
ROADMAP 94
14	0	60	88
17	0	0	22
18	0	0	32
28	0	0	4
52	0	0	2
ROADMAP 95
2	0	86	88
25	0	0	60
6	0	0	26
ROADMAP 96
8	0	77	88
23	0	0	13
43	0	0	13
23	0	26	28
43	0	13	18
27	0	0	7
22	0	0	22
13	0	0	15
ROADMAP 97
14	0	19	88
17	0	0	19
ROADMAP 98
17	0	8	11
18	13	2	32
28	13	0	4
52	13	0	18
42	13	0	20
ROADMAP 99
1	0	60	88
15	0	0	16
46	0	0	3
26	0	0	13
20	0	0	26
4	0	0	2
ROADMAP 100
4	0	14	42
2	0	0	60
ROADMAP 101
20	0	6	26
4	0	0	42
2	0	0	26
ROADMAP 102
5	0	0	21
3	0	6	73
